174
  20.70409012  151  0.3833800256
  20.89997101  151  -0.1826385558
  21.12418175  151  -0.8111418486
  21.16516113  151  -0.8619869947
  21.25574684  151  -1.027305007
  21.7113018  151  -1.75509727
  21.79260445  151  -2.316049099
  21.79643059  151  -2.5346241
  21.8824749  151  -2.76205492
  22.33103943  151.0000153  -3.524230003
  22.3490181  151.0000153  -3.640805244
  22.57178879  151.0000153  -4.447330475
  22.23716927  151.0000153  -5.021029472
  22.17910385  151.0000153  -5.104314804
  21.5191021  151.0000153  -5.565055847
  21.34669495  151.0000153  -5.658662796
  20.77536774  151.0000153  -5.908143997
  20.26413536  151.0000153  -6.20277977
  19.89689255  151.0000153  -6.306287766
  19.32408524  151.0000153  -6.720503807
  18.93063545  151.0000153  -6.91314888
  17.42601585  151.0000153  -7.950504303
  16.61379433  151.0000153  -8.390843391
  15.30738258  151.0000153  -9.085390091
  13.49985218  151.0000153  -9.9460783
  13.18151379  151.0000153  -10.06345272
  12.85888672  151.0000153  -10.18523026
  10.1367588  151.0000153  -10.72188377
  9.59984684  151.0000153  -10.79288864
  8.77603817  151.0000153  -10.85394669
  7.986421585  151.0000153  -10.83959103
  7.159636497  151.0000153  -10.85938931
  6.585123539  151.0000153  -10.88351345
  5.925198555  151.0000153  -10.84700012
  5.164563656  151.0000153  -10.85713577
  4.621755123  151.0000153  -10.80460835
  3.657523394  151.0000153  -10.67288017
  3.211342573  151.0000153  -10.60165405
  2.825320005  151.0000153  -10.51444912
  1.870734811  151.0000153  -10.31165504
  0.8275549412  151.0000153  -10.01199341
  0.5781342387  151.0000153  -9.917119026
  0.007274058647  151.0000153  -9.67138958
  -0.5718541741  151.0000153  -9.917117119
  -0.8228650093  151.0000153  -10.0119915
  -1.867566824  151.0000153  -10.31165504
  -2.822157383  151.0000153  -10.51445007
  -3.208173513  151.0000153  -10.60165405
  -3.654349089  151.0000153  -10.67287922
  -4.618587494  151.0000153  -10.80460835
  -5.161392689  151.0000153  -10.85713482
  -5.922029972  151.0000153  -10.84699917
  -6.581952095  151.0000153  -10.8835125
  -7.156468868  151.0000153  -10.85938835
  -7.983252048  151.0000153  -10.83959103
  -8.77287674  151.0000153  -10.85394573
  -9.596674919  151.0000153  -10.79288864
  -10.13358021  151.0000153  -10.72188473
  -12.85573006  151.0000153  -10.18522644
  -13.17834282  151.0000153  -10.06345463
  -13.49666786  151.0000153  -9.946084976
  -15.30421543  151.0000153  -9.085388184
  -16.61062813  151.0000153  -8.390843391
  -17.42284966  151.0000153  -7.950504303
  -18.92747498  151.0000153  -6.913143158
  -19.32091713  151.0000153  -6.720503807
  -19.89373779  151.0000153  -6.306275368
  -20.26095772  151.0000153  -6.202769279
  -20.77220535  151.0000153  -5.908124924
  -21.34352493  151.0000153  -5.658659935
  -21.5159359  151.0000153  -5.565052032
  -22.17593193  151.0000153  -5.104311943
  -22.23399925  151.0000153  -5.021028519
  -22.56862068  151.0000153  -4.447330475
  -22.3458519  151.0000153  -3.640805244
  -22.32787323  151.0000153  -3.524230003
  -21.87930679  151  -2.762054443
  -21.79326248  151  -2.5346241
  -21.7894249  151  -2.316086292
  -21.70808983  151  -1.755091071
  -21.25254631  151  -1.027273059
  -21.16199112  151  -0.8619889021
  -21.12101173  151  -0.8111437559
  -20.89680099  151  -0.1826395094
  -20.7009201  151  0.3833795488
  -20.69556808  151  0.4164076746
  -20.67613792  151  0.4773527086
  -20.38750648  151  1.646414161
  -20.31335258  151  2.010703564
  -20.40052605  151  3.118884087
  -20.36004257  151  3.475840807
  -20.30289459  151  4.090732574
  -20.34665108  151  4.601401329
  -20.31726837  151  4.925709248
  -20.32157707  151  5.931470871
  -20.51070976  151  6.64401722
  -20.57611465  151  7.217639923
  -20.51387215  151  7.839169979
  -20.52835846  151  8.080417633
  -20.48019218  151  8.295602798
  -19.71943092  150.9999847  9.100170135
  -19.16113663  150.9999847  9.899074554
  -18.76800728  150.9999847  10.32530212
  -17.64881706  150.9999847  11.62500572
  -17.54649162  150.9999847  11.72436237
  -16.68622398  150.9999847  12.50676155
  -16.09548378  150.9999847  13.03181934
  -15.59318733  150.9999847  13.38991451
  -14.31176472  150.9999847  14.31908798
  -14.27532959  150.9999847  14.34317207
  -14.25748253  150.9999847  14.35294533
  -11.96895981  150.9999847  15.50152302
  -11.56323242  150.9999847  15.66672993
  -9.460772514  150.9999847  16.44855118
  -8.786092758  150.9999847  16.58287811
  -6.858500957  150.9999847  16.94366074
  -5.470052242  150.9999847  17.0151825
  -4.483762741  150.9999847  17.05200386
  -3.570319653  150.9999847  16.86242485
  -2.683818579  150.9999847  16.61504364
  -2.111649275  150.9999847  16.37098694
  -1.393151999  150.9999847  16.00379372
  -1.156405449  150.9999847  15.85556221
  -0.8169053197  150.9999847  15.62094879
  -0.6534307003  150.9999847  15.43218136
  -0.5467969179  150.9999847  15.32998085
  -0.4701282382  150.9999847  15.26270294
  -0.2482351959  150.9999847  15.11372471
  -0.1887218356  150.9999847  15.08041096
  0.001675197273  150.9999847  14.98266697
  0.1920437366  150.9999847  15.08040714
  0.2514756918  150.9999847  15.11372089
  0.3270932734  150.9999847  15.17955399
  0.5499652624  150.9999847  15.32997513
  0.6565973759  150.9999847  15.43217468
  0.8200724721  150.9999847  15.62094498
  1.159573913  150.9999847  15.8555603
  1.396319509  150.9999847  16.00379372
  2.114820004  150.9999847  16.37098312
  2.68698597  150.9999847  16.61503601
  3.573494911  150.9999847  16.86242294
  4.48693037  150.9999847  17.05199814
  5.473226547  150.9999847  17.01517868
  6.861667633  150.9999847  16.94365883
  8.789258957  150.9999847  16.58287811
  9.463938713  150.9999847  16.44855118
  11.56638336  150.9999847  15.66672993
  11.97212505  150.9999847  15.5015173
  14.26064873  150.9999847  14.35294533
  14.27849579  150.9999847  14.34317207
  14.31493187  150.9999847  14.31908703
  15.59636021  150.9999847  13.38990498
  16.09864807  150.9999847  13.03181648
  16.689394  150.9999847  12.50675297
  17.54965973  150.9999847  11.72436142
  17.65198326  150.9999847  11.62500572
  18.77117348  150.9999847  10.32530117
  19.16431618  150.9999847  9.899057388
  19.72259903  150.9999847  9.100171089
  20.48336601  151  8.295600891
  20.53153038  151  8.080417633
  20.51704216  151  7.839169979
  20.57928658  151  7.217639923
  20.51387596  151  6.644018173
  20.32474518  151  5.931471348
  20.32043648  151  4.925708771
  20.349823  151  4.601403236
  20.3060627  151  4.090732098
  20.36321831  151  3.475845814
  20.40370178  151  3.118882656
  20.31652832  151  2.010710001
  20.39068794  151  1.646414161
  20.67930794  151  0.4773527086
  20.6987381  151  0.4164076746
169
  7.729257107  146.0000305  -10.0928936
  6.605377674  146.0000305  -9.919833183
  6.218016148  146.0000305  -9.909291267
  5.906233788  146.0000305  -9.847475052
  5.34319067  146.0000305  -9.82472229
  4.742895126  146.0000305  -9.877901077
  3.726084471  146.0000305  -9.855845451
  3.241255283  146.0000305  -9.795658112
  2.072768688  146.0000305  -9.7426548
  1.763242006  146.0000305  -9.693648338
  0.8823497891  146.0000305  -9.544241905
  0.725189507  146.0000305  -9.507333755
  0.6138553619  146.0000305  -9.461336136
  0.002403876744  146.0000305  -9.228413582
  -0.60943681  146.0000305  -9.461338043
  -0.7217619419  146.0000305  -9.507335663
  -0.8791109324  146.0000305  -9.544243813
  -1.760074496  146.0000305  -9.693646431
  -2.069593668  146.0000305  -9.742651939
  -3.238088369  146.0000305  -9.795656204
  -3.722906828  146.0000305  -9.855840683
  -4.739728451  146.0000305  -9.877896309
  -5.340017796  146.0000305  -9.824721336
  -5.903065681  146.0000305  -9.847474098
  -6.214845657  146.0000305  -9.90928936
  -6.602209568  146.0000305  -9.919834137
  -7.726088047  146.0000305  -10.09289265
  -7.776770592  146.0000305  -10.09156704
  -8.129540443  146.0000305  -10.06111526
  -10.14188766  146.0000305  -9.891970634
  -10.41566753  146.0000305  -9.829486847
  -10.74520874  146.0000305  -9.742156982
  -12.45101357  146.0000305  -9.269186974
  -14.28518486  146.0000305  -8.709734917
  -14.70780468  146.0000305  -8.557412148
  -15.09078312  146.0000305  -8.402148247
  -16.21600723  146.0000153  -8.014144897
  -16.70113182  146.0000153  -7.82917738
  -17.23023796  146.0000153  -7.630330563
  -17.52832031  146.0000153  -7.5005126
  -17.99159813  146.0000153  -7.30269289
  -18.66669464  146.0000153  -6.975777149
  -18.81193161  146.0000153  -6.883280277
  -19.21254539  146.0000153  -6.594102383
  -19.54934692  146.0000153  -6.311311245
  -19.60786629  146.0000153  -6.24866724
  -20.21204948  146.0000153  -5.373272419
  -20.39146614  146.0000153  -5.167241573
  -20.53519821  146.0000153  -4.864965916
  -20.88818741  146.0000153  -4.027833462
  -20.90777397  146.0000153  -3.397469044
  -20.87532616  146.0000153  -2.936159611
  -20.64748001  146.0000153  -2.250130892
  -20.41584015  146.0000153  -1.696216702
  -19.6514225  146.0000153  -0.6668260098
  -19.22320938  146.0000153  -0.1421229988
  -18.82522011  146  0.4318935275
  -18.06832504  146  1.665822625
  -18.01734543  146  2.219391823
  -17.96236992  146  3.352788925
  -17.92346382  146  4.604907513
  -17.92128754  146  4.718153954
  -17.92277718  146  5.016918182
  -17.94228935  146  6.730818748
  -17.89821053  146  7.110183716
  -17.6838665  146  8.22819519
  -17.66262436  146  8.291992188
  -17.61179543  145.9999847  8.45178318
  -17.35235214  145.9999847  9.369190216
  -17.29936218  145.9999847  9.894610405
  -17.13940048  145.9999847  11.23433971
  -17.03336716  145.9999847  11.84716606
  -16.81118011  145.9999847  12.57876301
  -16.67418671  145.9999847  12.93297291
  -16.55280113  145.9999847  13.1693182
  -15.96598148  145.9999847  13.92167091
  -15.26310635  145.9999847  14.65322208
  -14.86941338  145.9999847  14.96704865
  -14.06725311  145.9999847  15.47647476
  -13.17909908  145.9999847  16.01250076
  -12.75901031  145.9999847  16.2300148
  -11.07135868  145.9999695  16.96140289
  -9.988997459  145.9999695  17.35782433
  -8.373615265  145.9999695  17.69665527
  -7.157103062  145.9999695  17.97596359
  -6.283326626  145.9999695  18.07442856
  -4.630124092  145.9999695  18.22629929
  -3.137608767  145.9999695  18.08629608
  -2.926327467  145.9999695  18.06109238
  -1.781284451  145.9999695  17.72481728
  -1.730538726  145.9999695  17.69890594
  -1.125783086  145.9999695  17.32542419
  -1.095205903  145.9999695  17.29842758
  -0.7442477345  145.9999695  16.97351456
  -0.7029339075  145.9999695  16.9401474
  -0.3448774219  145.9999695  16.7777977
  -0.308681339  145.9999695  16.75769806
  0.001653676387  145.9999695  16.70080566
  0.3119458854  145.9999695  16.75769806
  0.3480928242  145.9999695  16.7777977
  0.7061377168  145.9999695  16.9401474
  0.747414887  145.9999695  16.97351074
  1.098372579  145.9999695  17.29842567
  1.128949881  145.9999695  17.32542419
  1.180045843  145.9999695  17.35556412
  1.733736277  145.9999695  17.6989212
  1.784443617  145.9999695  17.72481155
  2.929494858  145.9999695  18.06109238
  3.140775919  145.9999695  18.08629608
  4.633292198  145.9999695  18.22629929
  6.286493301  145.9999695  18.07442856
  7.160269737  145.9999695  17.97596359
  8.700720787  145.9999695  17.65979767
  9.992163658  145.9999695  17.35782242
  11.07452679  145.9999695  16.96140289
  12.76217842  145.9999847  16.2300148
  13.1822691  145.9999847  16.01249695
  14.07043839  145.9999847  15.47646141
  14.87258911  145.9999847  14.96704197
  15.26627254  145.9999847  14.65322304
  15.96915436  145.9999847  13.92166805
  16.55598259  145.9999847  13.16930294
  16.67736244  145.9999847  12.93296814
  16.81435013  145.9999847  12.57876873
  17.03653717  145.9999847  11.8471632
  17.14256859  145.9999847  11.23433876
  17.3025341  145.9999847  9.894618988
  17.35552788  145.9999847  9.369174957
  17.61498451  145.9999847  8.451723099
  17.66579819  146  8.291977882
  17.68703651  146  8.228197098
  17.90138245  146  7.110168457
  17.94545937  146  6.730819225
  17.9259491  146  5.017015457
  17.92445755  146  4.718157768
  17.92663574  146  4.604876518
  17.96553993  146  3.352778435
  18.02051544  146  2.219400644
  18.07149696  146  1.665815711
  18.82838631  146  0.4318992496
  19.22637939  146.0000153  -0.1421220452
  19.65459633  146.0000153  -0.6668298244
  20.41901016  146.0000153  -1.696217656
  20.65065193  146.0000153  -2.250136137
  20.87849617  146.0000153  -2.936160564
  20.91094398  146.0000153  -3.397476673
  20.89135742  146.0000153  -4.027833462
  20.53837013  146.0000153  -4.864963055
  20.39463615  146.0000153  -5.167241573
  19.69564629  146.0000153  -6.147916317
  19.61103821  146.0000153  -6.248663425
  19.55251503  146.0000153  -6.311312199
  19.21569824  146.0000153  -6.594115734
  18.81510162  146.0000153  -6.883280277
  18.66986465  146.0000153  -6.975777149
  17.99476624  146.0000153  -7.302694798
  17.53149414  146.0000153  -7.500510693
  17.23340988  146.0000153  -7.630330563
  16.70430946  146.0000153  -7.829176426
  16.21917725  146.0000153  -8.014144897
  15.09395313  146.0000305  -8.402146339
  14.71097088  146.0000305  -8.557411194
  14.28835201  146.0000305  -8.709733963
  12.45418072  146.0000305  -9.269186974
  10.74839973  146.0000305  -9.742155075
  10.4188385  146.0000305  -9.829490662
  10.14503956  146.0000305  -9.891978264
  8.132684708  146.0000305  -10.06111813
  7.779939175  146.0000305  -10.09156704
155
  0.7630519271  139.0000305  -7.542897224
  0.001845383318  139.0000305  -7.240001678
  -0.7597391009  139.0000305  -7.542897224
  -0.9458256364  139.0000305  -7.596201897
  -1.063300967  139.0000305  -7.616140366
  -2.176074266  139.0000305  -7.867635727
  -3.173336744  139.0000305  -7.992274284
  -3.558763504  139.0000305  -8.055761337
  -4.968550205  139.0000305  -8.204064369
  -5.159418106  139.0000305  -8.225542068
  -6.348941803  139.0000305  -8.382040024
  -7.036437988  139.0000305  -8.453016281
  -8.594733238  139.0000305  -8.504560471
  -9.133397102  139.0000305  -8.486438751
  -10.18327522  139.0000305  -8.315132141
  -11.02200222  139.0000305  -8.142062187
  -12.63192272  139.0000305  -7.615904808
  -12.72562027  139.0000305  -7.586832047
  -12.87245846  139.0000305  -7.531754494
  -14.6693306  139.0000305  -6.861009598
  -16.52700233  139.0000305  -5.96999073
  -16.54012299  139.0000305  -5.963941574
  -16.54634094  139.0000305  -5.960804939
  -16.55431938  139.0000305  -5.951835632
  -17.64829445  139.0000305  -4.695899963
  -18.06262589  139.0000305  -3.640206099
  -18.23277283  139.0000153  -3.266415358
  -18.25741959  139.0000153  -2.111090422
  -18.29440689  139.0000153  -1.835350275
  -18.26957321  139.0000153  -1.591063738
  -18.1371994  139.0000153  -0.3640954792
  -17.86024857  139.0000153  0.2130987346
  -17.57850456  139.0000153  1.009092093
  -17.41402435  139.0000153  1.713876963
  -17.24523544  139.0000153  2.427549124
  -17.32203102  139.0000153  3.577262163
  -17.342062  139.0000153  4.078805447
  -17.44338799  139.0000153  5.60784626
  -17.44610023  139.0000153  5.690436363
  -17.43714714  139.0000153  5.78656435
  -17.3283577  139.0000153  6.857950211
  -17.21342087  139  7.536992073
  -17.18616486  139  7.678585529
  -17.10855675  139  7.960570812
  -17.08519554  139  8.106716156
  -17.06905556  139  8.160154343
  -16.93473053  139  8.723161697
  -16.71233177  139  9.349039078
  -16.64112854  139  9.671150208
  -16.42402077  139  10.74833679
  -16.39417458  139  10.84153557
  -16.37277603  139  10.9177494
  -16.14524841  139  11.38944435
  -15.73259258  139  12.0849514
  -15.71028137  139  12.1113205
  -15.69582367  139  12.12643242
  -15.03790665  139  12.77886772
  -14.59880257  139  13.17616463
  -13.45430756  139  14.15172863
  -13.36128902  139  14.21631241
  -13.14704704  139  14.36882877
  -11.48217964  139  15.55588055
  -10.54973507  139  16.25576019
  -9.978530884  139  16.57419395
  -8.688798904  139  17.15496826
  -8.154128075  139  17.38466644
  -6.481677055  138.9999847  17.82500076
  -6.234583855  138.9999847  17.89175797
  -6.222108841  138.9999847  17.89492798
  -6.154770374  138.9999847  17.90114212
  -4.79385376  138.9999847  18.03834152
  -4.531523705  138.9999847  18.02315712
  -3.075907707  138.9999847  18.06557083
  -2.722018003  138.9999847  18.05934143
  -1.480908036  138.9999847  18.0369339
  -0.5444185138  138.9999847  17.98272705
  -0.4980745018  138.9999847  17.97657394
  -0.2519421875  138.9999847  17.94003677
  0.00163647905  138.9999847  17.90407944
  0.2551745772  138.9999847  17.94003677
  0.4783430099  138.9999847  17.9648304
  0.5012648702  138.9999847  17.97657394
  0.5476083755  138.9999847  17.98272705
  1.484075427  138.9999847  18.0369339
  2.72518611  138.9999847  18.05934143
  3.079075336  138.9999847  18.06557083
  4.53469038  138.9999847  18.02315712
  4.797022343  138.9999847  18.03834152
  6.157938004  138.9999847  17.90114212
  6.22527647  138.9999847  17.89492798
  6.237751484  138.9999847  17.89175797
  6.484844685  138.9999847  17.82500076
  8.157296181  139  17.38466644
  8.69196701  139  17.15496826
  9.981698036  139  16.57419395
  10.55290413  139  16.25576019
  11.4853487  139  15.55588055
  13.15028572  139  14.36877728
  13.3644762  139  14.21629906
  13.45746899  139  14.15173244
  14.60197067  139  13.17616463
  15.0410738  139  12.77886772
  15.69899082  139  12.12643242
  15.71344852  139  12.1113205
  15.73575974  139  12.0849514
  16.14841843  139  11.38944054
  16.37594223  139  10.9177475
  16.39734077  139  10.84153461
  16.42718697  139  10.74833679
  16.64429665  139  9.6711483
  16.71549797  139  9.3490448
  16.93790054  139  8.723165512
  17.07222366  139  8.160155296
  17.08836365  139  8.106716156
  17.11172485  139  7.960570812
  17.18933296  139  7.678585529
  17.21658897  139  7.536995411
  17.33152771  139.0000153  6.857950211
  17.44031525  139.0000153  5.786565304
  17.44926643  139.0000153  5.690437317
  17.44655609  139.0000153  5.607845306
  17.3452301  139.0000153  4.078805447
  17.32519913  139.0000153  3.57726264
  17.24840164  139.0000153  2.427548647
  17.41719246  139.0000153  1.713876247
  17.58167076  139.0000153  1.009092093
  17.86341476  139.0000153  0.2130987346
  18.14036751  139.0000153  -0.3640959561
  18.27273941  139.0000153  -1.591062784
  18.297575  139.0000153  -1.835350752
  18.26058769  139.0000153  -2.111090899
  18.23594284  139.0000153  -3.266415834
  17.84937286  139.0000305  -4.249836922
  17.65146637  139.0000305  -4.695900917
  16.55748749  139.0000305  -5.951835632
  16.54950905  139.0000305  -5.960804939
  16.54329109  139.0000305  -5.963941574
  16.53017044  139.0000305  -5.96999073
  14.6724987  139.0000305  -6.861011505
  12.87560177  139.0000305  -7.531766891
  12.72879219  139.0000305  -7.586833954
  12.63511372  139.0000305  -7.615900993
  11.02516937  139.0000305  -8.142062187
  10.18644238  139.0000305  -8.315131187
  9.136565208  139.0000305  -8.486438751
  8.597901344  139.0000305  -8.504561424
  7.03961134  139.0000305  -8.453018188
  6.352071762  139.0000305  -8.382036209
  5.162585735  139.0000305  -8.225543022
  4.971719265  139.0000305  -8.204065323
  3.561930656  139.0000305  -8.055764198
  3.176506281  139.0000305  -7.992277145
  2.179240704  139.0000305  -7.867639542
  1.066538692  139.0000305  -7.616141319
  0.9490613341  139.0000305  -7.596201897
141
  6.916081905  129  -5.287550926
  6.063539982  129  -5.204672813
  5.877732754  129  -5.24191761
  4.954957962  129  -5.219332695
  4.324265957  129  -5.217276573
  2.960095882  129  -5.079857826
  2.669399977  129  -5.02865696
  2.379792213  129  -4.910493851
  1.271328092  129  -4.448350906
  0.9927577376  129  -4.269662857
  0.00108646485  129  -3.549126625
  -0.9896621704  129  -4.269662857
  -1.268205523  129  -4.448350906
  -2.37655592  129  -4.910493851
  -2.666232347  129  -5.028656006
  -2.956928253  129  -5.079857826
  -4.321098804  129  -5.217274666
  -4.951790333  129  -5.219330788
  -5.874565125  129  -5.241915703
  -6.060373783  129  -5.204670906
  -6.912914753  129  -5.287549973
  -7.10863924  129  -5.297539711
  -7.716066837  129  -5.33970356
  -8.200795174  129  -5.28181076
  -8.346884727  129  -5.238841057
  -9.036893845  129  -5.064556122
  -9.486661911  129  -4.968603134
  -10.87511158  129  -4.628977776
  -11.77959633  129  -4.317913055
  -12.74413586  129  -3.93732357
  -13.9899435  129  -3.020584583
  -14.09308243  129  -2.945792675
  -15.00072479  129  -1.849501133
  -15.03414726  129  -1.808070183
  -15.04757786  129  -1.761890888
  -15.36185074  129  -0.6888165474
  -15.36609173  129  -0.5386676788
  -15.36573029  129  0.4393324554
  -15.30652428  129  0.6969943047
  -15.16636848  129  1.461776257
  -15.05742455  129  1.90384841
  -14.95103264  129  2.399502516
  -14.97997475  129  2.733026028
  -14.99230576  129  3.392987251
  -14.98108387  129  3.872314215
  -14.98830414  129  4.400210381
  -15.05540466  129  5.119190216
  -15.23274231  129.0000153  5.993338108
  -15.30096912  129.0000153  6.501325607
  -15.35635853  129.0000153  7.240764618
  -15.31842899  129.0000153  8.218576431
  -15.3073101  129.0000153  8.267531395
  -15.29667568  129.0000153  8.298650742
  -15.06308937  129.0000153  9.169111252
  -14.89171886  129.0000153  9.631363869
  -14.79744339  129.0000153  9.890420914
  -14.55687428  129.0000153  10.44299126
  -14.48198128  129.0000153  10.62838745
  -14.15144157  129.0000153  11.19005966
  -13.91588593  129.0000153  11.58508873
  -13.55124664  129.0000153  12.2943716
  -13.38130569  129.0000153  12.62387276
  -12.89407444  129.0000153  13.32273293
  -12.80082512  129.0000153  13.41028023
  -12.73900032  129.0000153  13.45173931
  -11.99271011  129.0000153  14.05702782
  -11.47562599  129.0000153  14.39531422
  -10.11863995  129.0000153  15.24563599
  -9.973532677  129.0000153  15.31050014
  -7.85143137  129.0000153  16.3893013
  -6.760647774  129.0000153  16.8862114
  -6.626969337  129.0000153  16.94663811
  -5.500645638  129.0000305  17.19397354
  -5.443414688  129.0000305  17.21098137
  -3.710567713  129.0000305  17.38954544
  -3.312585831  129.0000305  17.41564941
  -1.914812565  129.0000305  17.46205521
  -1.304982543  129.0000305  17.44956589
  -0.6572487354  129.0000305  17.39510536
  -0.3004805148  129.0000305  17.35361099
  -0.2091234922  129.0000305  17.2718811
  0.001647759695  129.0000153  17.13463974
  0.2123470753  129.0000305  17.2718811
  0.3036534786  129.0000305  17.35361099
  0.6604144573  129.0000305  17.39510536
  1.308148742  129.0000305  17.44956779
  1.917993188  129.0000305  17.46205521
  3.31575346  129.0000305  17.41564941
  3.71373558  129.0000305  17.38954353
  5.446582317  129.0000305  17.21098137
  5.503813267  129.0000305  17.19397354
  6.63013649  129.0000153  16.9466362
  6.763815403  129.0000153  16.8862114
  7.854598999  129.0000153  16.3893013
  9.976700783  129.0000153  15.3105011
  10.12180805  129.0000153  15.24563694
  11.47880268  129.0000153  14.39530945
  11.99587917  129.0000153  14.05702782
  12.74216843  129.0000153  13.45173836
  12.80399323  129.0000153  13.41027927
  12.89724159  129.0000153  13.32273293
  13.38447857  129.0000153  12.62386894
  13.55442047  129.0000153  12.29436493
  13.9190588  129.0000153  11.58507919
  14.15460777  129.0000153  11.19005966
  14.48514843  129.0000153  10.62839127
  14.56004906  129.0000153  10.44297791
  14.8006134  129.0000153  9.890418053
  14.89488792  129.0000153  9.631363869
  15.06625843  129.0000153  9.169108391
  15.29984474  129.0000153  8.298649788
  15.31047821  129.0000153  8.267531395
  15.3215971  129.0000153  8.218576431
  15.35952759  129.0000153  7.240756989
  15.30413723  129.0000153  6.501327991
  15.23591042  129.0000153  5.993338585
  15.05857277  129  5.119190216
  14.99147224  129  4.400210381
  14.98425198  129  3.872315884
  14.99547386  129  3.392987013
  14.98314285  129  2.733026028
  14.95420074  129  2.399502516
  15.06059265  129  1.90384841
  15.16953754  129  1.461776257
  15.30969143  129  0.6969938278
  15.36889648  129  0.4393324554
  15.36926365  129  -0.5386815071
  15.36502361  129  -0.6888203621
  15.03731441  129  -1.808070183
  15.0038929  129  -1.849501133
  14.09624958  129  -2.945792675
  13.01118183  129  -3.746767998
  12.74730396  129  -3.937324524
  11.78276443  129  -4.317913055
  10.87827873  129  -4.628977776
  9.489829063  129  -4.968603134
  9.040060997  129  -5.064556122
  8.350052834  129  -5.23884201
  8.203964233  129  -5.281811714
  7.71923542  129  -5.33970356
  7.11180687  129  -5.297539711
108
  -12.37465668  118.9999847  -2.311862469
  -13.88337135  118.9999847  -0.9954676628
  -13.98021984  118.9999847  -0.9079928398
  -14.80152702  118.9999847  0.3311429322
  -14.94822121  118.9999847  0.555624485
  -15.52309036  118.9999924  2.238604546
  -15.56197071  118.9999924  2.450686932
  -15.74823189  118.9999924  3.58678627
  -15.84537411  118.9999924  4.245334625
  -15.67705345  118.9999924  6.541137218
  -15.32528496  118.9999924  7.868833542
  -15.02818489  118.9999924  8.965057373
  -14.32566738  118.9999924  10.16834068
  -13.99601841  118.9999924  10.91902924
  -13.3742094  119  11.65127182
  -12.96955967  119  12.17659187
  -12.28443241  119  12.90200138
  -12.18016815  119  12.97708225
  -11.90553951  119  13.16890621
  -10.65229797  119  14.03755093
  -10.19524956  119  14.33326817
  -9.232629776  119  14.66267586
  -8.639279366  119  14.8393755
  -7.612076283  119  15.02285004
  -7.475789547  119  15.04996204
  -7.37569046  119  15.08012867
  -6.609262466  119  15.30403805
  -6.001663208  119  15.43687057
  -5.079557419  119  15.56488228
  -4.595933914  119  15.64826107
  -3.142863035  119  15.71938705
  -3.059423447  119  15.72299862
  -2.61092782  119  15.72472095
  -1.614134312  119  15.75670528
  -1.528727651  119  15.75242805
  -0.6297594905  119  15.72040081
  -0.5519188046  119  15.70072937
  0.001640239032  119  15.60059738
  0.5551123619  119  15.70072937
  0.6329408884  119  15.72040081
  1.531896114  119  15.75242615
  1.617302179  119  15.75670433
  2.61420989  119  15.72472
  3.062592506  119  15.72299862
  3.146003723  119  15.71938801
  4.59910202  119  15.64826012
  5.082726002  119  15.56488132
  6.004831791  119  15.43686962
  6.612433434  119  15.30403709
  7.378857136  119  15.08012676
  7.478957176  119  15.04996014
  7.61524868  119  15.02284718
  8.64244175  119  14.8393755
  9.235803604  119  14.66267204
  10.19841671  119  14.33326721
  10.65546608  119  14.03754997
  11.90870762  119  13.16890526
  12.18333626  119  12.9770813
  12.28760147  119  12.90200043
  12.97273064  119  12.17658997
  13.37738228  119  11.65126801
  13.99918652  118.9999924  10.91902828
  14.32883453  118.9999924  10.16833973
  15.03135109  118.9999924  8.965057373
  15.32845497  118.9999924  7.868816853
  15.68021774  118.9999924  6.541138172
  15.84854126  118.9999924  4.245334148
  15.75139999  118.9999924  3.586785793
  15.56513882  118.9999924  2.45068574
  15.52625847  118.9999924  2.238604546
  14.95138741  118.9999847  0.5556249619
  14.8046999  118.9999847  0.3311548531
  13.98338795  118.9999847  -0.9079928398
  13.88654041  118.9999847  -0.9954667091
  12.37782478  118.9999847  -2.311863899
  11.38542652  118.9999847  -2.913761616
  10.53215027  118.9999847  -3.445036411
  10.00007057  118.9999847  -3.614717007
  9.002580643  118.9999847  -3.945415974
  7.543414593  118.9999847  -4.188582897
  7.064408779  118.9999847  -4.272177219
  6.361189365  118.9999847  -4.375600338
  5.818135738  118.9999847  -4.431231976
  5.244247437  118.9999847  -4.479339123
  4.662230015  118.9999847  -4.578066349
  3.960963488  118.9999847  -4.63754034
  3.336494446  118.9999847  -4.648337841
  2.636649847  118.9999847  -4.615228176
  1.979927301  118.9999847  -4.355827808
  1.322675824  118.9999847  -4.154269695
  0.6117138267  118.9999847  -3.740974903
  0.001158391242  118.9999847  -3.424127102
  -0.6093759537  118.9999847  -3.740974903
  -1.31993103  118.9999847  -4.154270649
  -1.977164745  118.9999847  -4.355830669
  -2.633482695  118.9999847  -4.615228176
  -3.333329439  118.9999847  -4.648338795
  -3.957795858  118.9999847  -4.637542248
  -4.6590662  118.9999847  -4.578067303
  -5.24107933  118.9999847  -4.479339123
  -5.814967632  118.9999847  -4.431231976
  -6.358020306  118.9999847  -4.375603199
  -7.061235428  118.9999847  -4.27218008
  -7.54024601  118.9999847  -4.188583851
  -8.999412537  118.9999847  -3.945415974
  -9.996946335  118.9999847  -3.614704609
  -10.52898312  118.9999847  -3.445038319
  -11.3822031  118.9999847  -2.913796902
108
  16.82502937  109.0000076  -0.05694378912
  16.74750328  109.0000076  -0.2732600272
  15.85648251  109.0000076  -2.535192966
  14.71078682  109.0000153  -4.734266281
  13.21714878  109.0000153  -6.590764999
  13.20879555  109.0000153  -6.600240707
  11.28953171  109.0000153  -7.967482567
  11.10806274  109.0000153  -8.043673515
  9.170951843  109.0000153  -8.797825813
  8.740695  109.0000153  -8.885603905
  7.302071571  109.0000153  -9.178706169
  6.801509857  109.0000153  -9.278154373
  6.08742094  109.0000153  -9.314139366
  4.965835094  109.0000153  -9.320421219
  3.644731522  109.0000153  -9.083802223
  3.029559851  109.0000153  -9.002075195
  2.20680213  109.0000153  -8.744152069
  1.645497799  109.0000153  -8.556623459
  1.324095964  109.0000153  -8.444583893
  1.233834147  109.0000153  -8.30235672
  1.104987502  109.0000153  -8.176687241
  0.9332953095  109.0000153  -7.890493393
  0.6821517944  109.0000153  -7.772027016
  0.1813831776  109.0000153  -7.664716721
  0.006889170967  109.0000153  -7.583920479
  -0.1700598747  109.0000153  -7.664716721
  -0.6778989434  109.0000153  -7.772027016
  -0.9301122427  109.0000153  -7.890493393
  -1.101809502  109.0000153  -8.176686287
  -1.230668545  109.0000153  -8.302358627
  -1.320927978  109.0000153  -8.444584846
  -1.642329335  109.0000153  -8.556623459
  -2.203633785  109.0000153  -8.744151115
  -3.026391745  109.0000153  -9.002075195
  -3.641569614  109.0000153  -9.083805084
  -4.962668419  109.0000153  -9.32042408
  -6.08425808  109.0000153  -9.31414032
  -6.798342705  109.0000153  -9.278157234
  -7.298901558  109.0000153  -9.178709984
  -8.737528801  109.0000153  -8.885605812
  -9.167779922  109.0000153  -8.797828674
  -11.10489559  109.0000153  -8.043675423
  -11.28635883  109.0000153  -7.967486382
  -13.2056303  109.0000153  -6.600241661
  -13.21397877  109.0000153  -6.590770721
  -14.70761776  109.0000153  -4.734266281
  -15.85331345  109.0000076  -2.535193443
  -16.74433517  109.0000076  -0.2732619345
  -16.82186127  109.0000076  -0.05694521964
  -16.86426544  109.0000076  0.1966777891
  -17.34934616  109.0000076  2.605538368
  -17.36484718  109.0000076  2.781952381
  -17.45241737  109.0000076  5.414559841
  -17.42605782  109.0000076  5.643009663
  -16.9923687  109  8.006164551
  -16.56221199  109  8.675917625
  -15.47020054  109  10.1838913
  -13.95772743  109  11.57964134
  -13.58564186  109  11.97404861
  -12.19068146  109  12.71460724
  -11.75553036  109  12.97280312
  -10.27571869  109  13.41823292
  -9.835393906  109  13.53011227
  -7.696344376  109  14.15589237
  -7.651649952  109  14.17082977
  -7.57666254  109  14.19550419
  -5.742047787  109  14.75940323
  -4.934038639  109  14.97317028
  -4.612592697  109  15.0530901
  -3.914254427  109  15.1769352
  -3.724148989  109  15.20695591
  -2.788013458  109  15.32146358
  -2.542448759  109  15.35657883
  -2.322336912  109  15.3766613
  -1.468624234  109  15.42546654
  -0.8475580215  109  15.45607948
  -0.6519803405  109  15.47054291
  -0.1473696679  109  15.45761299
  0.002652388997  109  15.45923233
  0.150889352  109  15.45761299
  0.6554359198  109  15.47054482
  0.8507320285  109  15.45608139
  1.471792102  109  15.42546558
  2.325506687  109  15.3766613
  2.545616388  109  15.35657883
  2.791179419  109  15.32146454
  3.72731781  109  15.20695686
  3.917422295  109  15.1769352
  4.615762234  109  15.05309105
  4.937200069  109  14.97317314
  5.745216846  109  14.75940323
  7.57983017  109  14.19550323
  7.654818535  109  14.17082882
  7.699512959  109  14.15589142
  9.838563919  109  13.53011227
  10.27889633  109  13.41823196
  11.75869942  109  12.97280502
  12.19386292  109  12.71460152
  13.58881092  109  11.97404861
  13.96091557  109  11.57962227
  15.47336769  109  10.18389034
  16.5653801  109  8.675917625
  16.9955368  109  8.006165504
  17.42922211  109.0000076  5.643026829
  17.45558357  109.0000076  5.414557457
  17.36801338  109.0000076  2.781952381
  17.35251236  109.0000076  2.605538368
  16.86743355  109.0000076  0.1966792196
120
  0.5322255492  98.99997711  -8.30165863
  0.1202632338  98.99997711  -6.870862961
  0.001180620864  98.99997711  -6.099517822
  -0.1174123436  98.99997711  -6.870863914
  -0.529351294  98.99997711  -8.301655769
  -0.732157886  98.99996948  -8.642505646
  -1.689833403  98.99996948  -9.831809044
  -1.955347657  98.99996948  -9.961281776
  -3.65058136  98.99996948  -10.82830715
  -3.870975494  98.99996948  -10.88540936
  -5.858816624  98.99996185  -11.38020134
  -6.058398724  98.99996185  -11.40984726
  -7.798303604  98.99996185  -11.61595726
  -8.082634926  98.99996185  -11.57681084
  -9.745871544  98.99996948  -11.20004272
  -10.16653538  98.99996948  -10.96186543
  -12.38899994  98.99996948  -9.608752251
  -12.58126545  98.99996948  -9.349572182
  -13.95394611  98.99997711  -7.25969696
  -14.06504059  98.99997711  -7.095065117
  -15.47039795  98.99998474  -4.985203743
  -15.69320107  98.99998474  -4.559673309
  -16.79740143  98.99999237  -2.553620338
  -17.50837708  98.99999237  -1.120827198
  -18.35468102  99  0.7247681618
  -18.62865448  99  1.728750944
  -19.1831665  99.00000763  4.172531605
  -19.14533234  99.00000763  4.458239079
  -18.6013279  99.00001526  6.796726227
  -18.51643562  99.00001526  7.179225922
  -18.5019989  99.00001526  7.224653244
  -17.07257843  99.00002289  9.643590927
  -16.99822617  99.00002289  9.748147964
  -15.68115139  99.00002289  10.83054638
  -15.01426315  99.00003052  11.38156605
  -13.19513893  99.00003052  12.24351597
  -12.91756058  99.00003052  12.37378597
  -12.45136833  99.00003052  12.49707603
  -11.79649544  99.00003052  12.62002182
  -11.44237709  99.00003052  12.67689228
  -9.864422798  99.00003052  12.77458
  -9.492763519  99.00003052  12.75871277
  -7.876619339  99.00003052  12.60159779
  -6.635006428  99.00003052  12.3310318
  -6.116366386  99.00003052  12.21104717
  -5.904939651  99.00003052  12.17983627
  -4.807971478  99.00003052  12.11267471
  -4.481533051  99.00003052  12.30504608
  -3.9546175  99.00003052  12.69920635
  -3.522095203  99.00003052  13.19355011
  -3.281751633  99.00003052  13.38229275
  -2.676368952  99.00003815  13.69063663
  -2.47031498  99.00003815  13.77871132
  -2.272488117  99.00003815  13.83957577
  -1.732214689  99.00003815  14.04562664
  -1.597622991  99.00003815  14.06956863
  -1.231582642  99.00003815  14.14049053
  -1.115263581  99.00003815  14.15070915
  -0.8176740408  99.00003815  14.16102028
  -0.70700109  99.00003815  14.1727047
  -0.3971244097  99.00003815  14.20163536
  -0.2920292914  99.00003815  14.20878315
  0.001628359547  99.00003815  14.23010635
  0.2952551246  99.00003815  14.2087841
  0.4003074765  99.00003815  14.20163631
  0.7101780176  99.00003815  14.1727047
  0.8208423853  99.00003815  14.16102028
  1.118430734  99.00003815  14.15070915
  1.23475194  99.00003815  14.14049053
  1.600790143  99.00003815  14.06956959
  1.735384226  99.00003815  14.04562664
  2.27565527  99.00003815  13.83957577
  2.473482847  99.00003815  13.77871227
  2.679538012  99.00003815  13.69063663
  3.284921885  99.00003052  13.38229275
  3.525268078  99.00003052  13.1935482
  3.957788467  99.00003052  12.69920731
  4.484701157  99.00003052  12.3050499
  4.811142445  99.00003052  12.11267662
  5.908121586  99.00003052  12.17983818
  6.119536877  99.00003052  12.21104622
  6.638150215  99.00003052  12.33102417
  7.879789352  99.00003052  12.60159683
  9.495918274  99.00003052  12.75871086
  9.867595673  99.00003052  12.77457905
  11.44554043  99.00003052  12.67689133
  11.79966736  99.00003052  12.62001991
  12.45453644  99.00003052  12.49707603
  12.92072773  99.00003052  12.37378502
  13.19831371  99.00003052  12.2435112
  15.01743126  99.00003052  11.38156509
  15.68441296  99.00002289  10.83046722
  17.00139236  99.00002289  9.748147011
  17.07574272  99.00002289  9.643596649
  18.50516701  99.00001526  7.224649906
  18.51959991  99.00001526  7.17923069
  18.60447884  99.00001526  6.796798706
  19.14849854  99.00000763  4.458245754
  19.18633461  99.00000763  4.172529221
  18.63182068  99  1.72875762
  18.35784721  99  0.7247672081
  17.53455162  98.99999237  -0.8858141899
  16.80056763  98.99999237  -2.553620815
  16.42270279  98.99998474  -3.279650688
  15.47356319  98.99998474  -4.985203743
  15.25067043  98.99998474  -5.31536293
  13.95711327  98.99997711  -7.25969696
  12.58442307  98.99996948  -9.34958744
  12.39216805  98.99996948  -9.608752251
  10.16969395  98.99996948  -10.96187019
  9.749037743  98.99996948  -11.20004272
  8.085800171  98.99996185  -11.57681084
  7.80147028  98.99996185  -11.61595726
  6.061566353  98.99996185  -11.40984726
  5.861984253  98.99996185  -11.38020134
  3.874141693  98.99996948  -10.88540936
  3.653748751  98.99996948  -10.82830715
  1.958509088  98.99996948  -9.961278915
  1.693001151  98.99996948  -9.831809998
  0.7353313565  98.99996948  -8.642502785
126
  0.2971173823  95  12.61895657
  0.3394466937  95  12.6098423
  0.6768659353  95  12.50100327
  1.130604863  95  12.30573368
  1.25321877  95  12.25731277
  1.670236945  95  11.95584774
  1.830225348  95  11.79942226
  2.035049915  95  11.29689598
  2.102464199  95  10.74082279
  2.296235085  95  10.446208
  2.582129478  95  9.989097595
  3.297799349  95  11.16251183
  4.287903786  95  11.40807819
  4.970711231  95  11.73060989
  6.106348038  95  12.16654205
  6.871495247  95  12.43229103
  8.050328255  95  12.7456274
  8.669438362  95  12.83199215
  9.8702631  95  12.93559265
  10.43913937  95  12.96895027
  11.08312225  95  13.02693939
  11.37076569  95  13.01832867
  11.87953854  95  13.00677013
  12.04340172  95  12.97600746
  12.49710464  95  12.98790455
  12.61373043  95  12.99486446
  12.82813168  95  12.9100132
  13.4604826  95  12.69070244
  14.82702637  95  12.05865383
  15.34334183  95  11.80333805
  15.84671879  95  11.41526031
  17.35217094  95  10.16987991
  17.77386856  95  9.573274612
  19.0287056  95.00000763  7.831061363
  19.61083031  95.00000763  6.062391758
  19.97676468  95.00000763  4.923268795
  19.81095695  95.00001526  3.492989779
  19.45611382  95.00001526  1.403078914
  19.15127754  95.00001526  0.8012173772
  17.77121162  95.00002289  -1.763617396
  17.59512901  95.00002289  -2.08555603
  16.22723579  95.00002289  -4.751170158
  16.16684723  95.00002289  -4.867137909
  16.08508682  95.00002289  -4.988524437
  14.48480988  95.00003052  -7.222728729
  14.47654438  95.00003052  -7.233867645
  12.53157902  95.00003052  -9.530633926
  12.37187958  95.00003052  -9.620754242
  10.21741676  95.00003052  -10.68687725
  9.919036865  95.00003052  -10.73211861
  8.279704094  95.00003052  -10.82693386
  7.821501255  95.00003052  -10.76753712
  6.384036064  95.00003052  -10.52434826
  4.995893002  95.00003052  -10.236269
  4.320755005  95.00003052  -10.06184196
  3.683043957  95.00003052  -9.740570068
  2.081345558  95.00003052  -9.022032738
  1.799665809  95.00003052  -8.542063713
  0.6815665364  95.00002289  -6.309164047
  0.6569698453  95.00002289  -6.148444176
  0.584153235  95.00002289  -5.558889389
  0.1884256452  95.00002289  -1.546781421
  0.0008059864631  95.00001526  -0.5823916793
  -0.185174033  95.00002289  -1.546780467
  -0.5809646249  95.00002289  -5.558960915
  -0.6539556384  95.00002289  -6.148454666
  -0.6784828901  95.00002289  -6.30915451
  -1.796900034  95.00003052  -8.542064667
  -2.078177691  95.00003052  -9.022031784
  -3.679884672  95.00003052  -9.740571976
  -4.31758976  95.00003052  -10.06184101
  -4.99271965  95.00003052  -10.23626518
  -6.380869389  95.00003052  -10.5243454
  -7.818337917  95.00003052  -10.76753521
  -8.276537895  95.00003052  -10.82693291
  -9.915868759  95.00003052  -10.73211861
  -10.21424866  95.00003052  -10.6868763
  -12.36872101  95.00003052  -9.62074852
  -12.52841091  95.00003052  -9.530632973
  -14.47338486  95.00003052  -7.233858109
  -14.48164368  95.00003052  -7.222727776
  -16.08192444  95.00002289  -4.9885149
  -16.16367912  95.00002289  -4.867136955
  -16.22406387  95.00002289  -4.751176834
  -17.59196281  95.00002289  -2.0855546
  -17.76802063  95.00002289  -1.763659358
  -19.14810562  95.00001526  0.8012107015
  -19.45294762  95.00001526  1.403080821
  -19.80778885  95.00001526  3.492991447
  -19.97359848  95.00000763  4.923270226
  -19.60766411  95.00000763  6.06238842
  -19.0255394  95.00000763  7.831063271
  -17.77069664  95  9.573282242
  -17.34900284  95  10.16988182
  -15.84354496  95  11.41526604
  -15.34017467  95  11.803339
  -14.00473213  95  12.41870499
  -13.45731735  95  12.69070435
  -13.23998356  95  12.77670097
  -12.61056328  95  12.99486446
  -12.15702057  95  12.98292923
  -12.04023266  95  12.97600937
  -11.87637138  95  13.00677109
  -11.36759758  95  13.01832867
  -11.07995415  95  13.02694035
  -10.4359684  95  12.96895027
  -9.867098808  95  12.93559265
  -8.66627121  95  12.8319931
  -8.047161102  95  12.74562836
  -6.868326664  95  12.43229008
  -6.103181839  95  12.16654301
  -4.967542171  95  11.73060894
  -4.284731388  95  11.40807629
  -3.294631004  95  11.16251183
  -2.578950405  95  9.989078522
  -2.293058634  95  10.44620132
  -2.099291325  95  10.74081039
  -2.031875849  95  11.29689026
  -1.827053666  95  11.79941082
  -1.667064786  95  11.95583534
  -1.250052929  95  12.25730705
  -1.127433062  95  12.30573177
  -0.6736959219  95  12.50100136
  -0.335439235  95  12.60984135
  -0.2930465639  95  12.61895752
  0.005097419955  95  12.67234039
