range:1.39656398219 to 2.04001240892 
center: -3.77860876868 5.26359495187 -0.048877262635
a: -1211.82271806 -51.9050066014 1853.64612975 785.484873352 50.0857883124 16.4675752586 -143.695894809 
b: 0.00298436512445 0.0035075830771 -0.00263117262722 
c: 660.922976169 184.316785867 -981.174795158 -380.007424269 -148.16163085 -37.6248109931 59.6465813245 
angles: 2.18493913093e-07 0.0468681688252 0.0935420183143 0.140107369945 0.186981812513 0.234537773769 0.282753779729 0.33124116402 0.379635980478 0.428005951047 0.476758295199 0.526189666673 0.576160793162 0.626204765223 0.67595479381 0.725558907963 0.775470229361 0.826012820732 0.877028811796 0.928121801309 0.979094683199 1.03024652711 1.08203544219 1.13445687561 1.18696233434 1.23906507299 1.29101428989 1.34341503908 1.39656398219 1.44860508558 1.49650328335 1.53905204608 1.57828133808 1.61864963081 1.66479141156 1.7194935696 1.78253190577 1.85059498001 1.91861409129 1.98223648001 2.04001240892 2.09286252967 2.14484476985 2.19786520144 2.25194629634 2.30615334355 2.35995181116 2.41363093621 2.46781503947 2.52270639253 2.57794696466 2.63308631803 2.68814417156 2.74354525298 2.79960934729 2.85615577962 2.91269065244 2.96901235256 3.02559760802 3.08311922253 3.14159245256 3.20006478362 3.25758668497 3.31417213372 3.37049383145 3.42702951582 3.48357584005 3.53963982655 3.59504077665 3.65009852436 3.70523783377 3.76047897317 3.81537021242 3.869553654 3.92323313811 3.97703148627 4.0312384308 4.08531946802 4.13834024664 4.19032242731 4.24317261658 4.30094868433 4.36457140865 4.43259100094 4.5006545365 4.56369310171 4.61839512115 4.66453643472 4.70490413389 4.74413294776 4.7866814742 4.83457962993 4.8866211674 4.93977012799 4.99217089992 5.04412009929 5.09622300103 5.14872846044 5.20114982699 5.25293901563 5.30409085236 5.35506366592 5.40615659186 5.45717253785 5.50771498755 5.5576267237 5.60723066083 5.65698060662 5.70702508564 5.75699609474 5.80642728531 5.85517952819 5.90354953308 5.95194526768 6.00043172591 6.04864769877 6.09620360359 6.14307805486 6.18964346107 6.23631855298 
range:2.04001240892 to 4.24317261658 
center: -4.60815058103 5.2614599312 -0.419031065871
a: 368.541331328 648.038134874 71.5925526456 437.2241916 96.0740784722 220.973414404 73.4595683807 79.5404255576 35.8583873328 18.3553424838 10.611698515 2.06141729329 1.49476989494 
b: 0.00178288749242 0.00199886115065 0.000344727083659 
c: 1298.09025681 2293.42711414 -23.1944406643 1570.18685522 -31.5162808556 814.332342168 -24.1773935538 304.803520537 -11.8052018274 74.3651773654 -3.48578351725 9.06471532728 -0.48445602049 
angles: 2.18493913093e-07 0.0468681688252 0.0935420183143 0.140107369945 0.186981812513 0.234537773769 0.282753779729 0.33124116402 0.379635980478 0.428005951047 0.476758295199 0.526189666673 0.576160793162 0.626204765223 0.67595479381 0.725558907963 0.775470229361 0.826012820732 0.877028811796 0.928121801309 0.979094683199 1.03024652711 1.08203544219 1.13445687561 1.18696233434 1.23906507299 1.29101428989 1.34341503908 1.39656398219 1.44860508558 1.49650328335 1.53905204608 1.57828133808 1.61864963081 1.66479141156 1.7194935696 1.78253190577 1.85059498001 1.91861409129 1.98223648001 2.04001240892 2.09286252967 2.14484476985 2.19786520144 2.25194629634 2.30615334355 2.35995181116 2.41363093621 2.46781503947 2.52270639253 2.57794696466 2.63308631803 2.68814417156 2.74354525298 2.79960934729 2.85615577962 2.91269065244 2.96901235256 3.02559760802 3.08311922253 3.14159245256 3.20006478362 3.25758668497 3.31417213372 3.37049383145 3.42702951582 3.48357584005 3.53963982655 3.59504077665 3.65009852436 3.70523783377 3.76047897317 3.81537021242 3.869553654 3.92323313811 3.97703148627 4.0312384308 4.08531946802 4.13834024664 4.19032242731 4.24317261658 4.30094868433 4.36457140865 4.43259100094 4.5006545365 4.56369310171 4.61839512115 4.66453643472 4.70490413389 4.74413294776 4.7866814742 4.83457962993 4.8866211674 4.93977012799 4.99217089992 5.04412009929 5.09622300103 5.14872846044 5.20114982699 5.25293901563 5.30409085236 5.35506366592 5.40615659186 5.45717253785 5.50771498755 5.5576267237 5.60723066083 5.65698060662 5.70702508564 5.75699609474 5.80642728531 5.85517952819 5.90354953308 5.95194526768 6.00043172591 6.04864769877 6.09620360359 6.14307805486 6.18964346107 6.23631855298 
range:4.24317261658 to 4.8866211674 
center: -5.43769150468 5.26359547934 -0.0488768664775
a: 267.692907261 -132.727774989 442.305096558 -226.859865318 -98.52363533 21.0658460843 -52.2828921261 
b: 0.00821107324991 0.00587127440954 0.00798291755934 
c: -68.0680522104 40.0725165278 -108.424045285 51.0975704338 32.0635973662 -8.30387057134 10.849975011 
angles: 2.18493913093e-07 0.0468681688252 0.0935420183143 0.140107369945 0.186981812513 0.234537773769 0.282753779729 0.33124116402 0.379635980478 0.428005951047 0.476758295199 0.526189666673 0.576160793162 0.626204765223 0.67595479381 0.725558907963 0.775470229361 0.826012820732 0.877028811796 0.928121801309 0.979094683199 1.03024652711 1.08203544219 1.13445687561 1.18696233434 1.23906507299 1.29101428989 1.34341503908 1.39656398219 1.44860508558 1.49650328335 1.53905204608 1.57828133808 1.61864963081 1.66479141156 1.7194935696 1.78253190577 1.85059498001 1.91861409129 1.98223648001 2.04001240892 2.09286252967 2.14484476985 2.19786520144 2.25194629634 2.30615334355 2.35995181116 2.41363093621 2.46781503947 2.52270639253 2.57794696466 2.63308631803 2.68814417156 2.74354525298 2.79960934729 2.85615577962 2.91269065244 2.96901235256 3.02559760802 3.08311922253 3.14159245256 3.20006478362 3.25758668497 3.31417213372 3.37049383145 3.42702951582 3.48357584005 3.53963982655 3.59504077665 3.65009852436 3.70523783377 3.76047897317 3.81537021242 3.869553654 3.92323313811 3.97703148627 4.0312384308 4.08531946802 4.13834024664 4.19032242731 4.24317261658 4.30094868433 4.36457140865 4.43259100094 4.5006545365 4.56369310171 4.61839512115 4.66453643472 4.70490413389 4.74413294776 4.7866814742 4.83457962993 4.8866211674 4.93977012799 4.99217089992 5.04412009929 5.09622300103 5.14872846044 5.20114982699 5.25293901563 5.30409085236 5.35506366592 5.40615659186 5.45717253785 5.50771498755 5.5576267237 5.60723066083 5.65698060662 5.70702508564 5.75699609474 5.80642728531 5.85517952819 5.90354953308 5.95194526768 6.00043172591 6.04864769877 6.09620360359 6.14307805486 6.18964346107 6.23631855298 
range:4.8866211674 to 1.39656398219 
center: -4.60815080843 5.26605998488 0.447199748865
a: 0.00106389222796 -0.000251435350536 0.29986916934 -0.00159344474383 0.261818471387 -0.000147519129154 -0.000695817163817 0.00157265136616 -0.127799419703 0.000353809635826 -0.0266560958874 -0.00154411383643 0.0736056014856 -0.00053933328601 0.0243820773759 0.00149536295796 -0.0535911603529 0.000691303191923 -0.0265443029545 -0.00145469536626 0.038042199342 -0.00083828695923 0.024961316418 0.00139822591623 -0.0283866276681 0.000948144783702 -0.0230549554247 -0.00137115232061 0.0219161926394 -0.00105261250607 0.0211974895952 0.00134321961888 -0.0174887482031 0.00110590183786 -0.019707065653 -0.00136688284265 0.0139671424 -0.00112877640514 0.0177742554362 0.00142210295621 -0.0120347074635 0.00104146788726 -0.0163277125346 -0.00156368747893 0.0109100749916 -0.000785238638755 0.0146337397416 0.00173348023431 -0.0120520738099 8.06958352908e-05 -0.0126030217394 -0.00152010428283 0.0205596170549 0.000924336775031 -0.0088260863374 
b: -0.00452052053548 0.00710498204018 0.000110740834679 -0.00213643743073 -0.000855742884578 
c: -0.105174880668 0.0718145513634 -0.0144337195222 0.207264137186 0.00408957814363 -0.0190810655321 0.0132932531925 -0.147668483616 -0.00823793817323 0.0491929641502 -0.0105534327199 0.0782902258945 0.0121269960953 -0.111498968582 0.00541989774788 -0.00577341899666 -0.0145633681385 0.124858998028 0.00333961460185 -0.152099239702 0.0106069340056 0.0926936249967 -0.0113133592378 -0.0293913330427 0.00411484372338 
angles: 2.18493913093e-07 0.0468681688252 0.0935420183143 0.140107369945 0.186981812513 0.234537773769 0.282753779729 0.33124116402 0.379635980478 0.428005951047 0.476758295199 0.526189666673 0.576160793162 0.626204765223 0.67595479381 0.725558907963 0.775470229361 0.826012820732 0.877028811796 0.928121801309 0.979094683199 1.03024652711 1.08203544219 1.13445687561 1.18696233434 1.23906507299 1.29101428989 1.34341503908 1.39656398219 1.44860508558 1.49650328335 1.53905204608 1.57828133808 1.61864963081 1.66479141156 1.7194935696 1.78253190577 1.85059498001 1.91861409129 1.98223648001 2.04001240892 2.09286252967 2.14484476985 2.19786520144 2.25194629634 2.30615334355 2.35995181116 2.41363093621 2.46781503947 2.52270639253 2.57794696466 2.63308631803 2.68814417156 2.74354525298 2.79960934729 2.85615577962 2.91269065244 2.96901235256 3.02559760802 3.08311922253 3.14159245256 3.20006478362 3.25758668497 3.31417213372 3.37049383145 3.42702951582 3.48357584005 3.53963982655 3.59504077665 3.65009852436 3.70523783377 3.76047897317 3.81537021242 3.869553654 3.92323313811 3.97703148627 4.0312384308 4.08531946802 4.13834024664 4.19032242731 4.24317261658 4.30094868433 4.36457140865 4.43259100094 4.5006545365 4.56369310171 4.61839512115 4.66453643472 4.70490413389 4.74413294776 4.7866814742 4.83457962993 4.8866211674 4.93977012799 4.99217089992 5.04412009929 5.09622300103 5.14872846044 5.20114982699 5.25293901563 5.30409085236 5.35506366592 5.40615659186 5.45717253785 5.50771498755 5.5576267237 5.60723066083 5.65698060662 5.70702508564 5.75699609474 5.80642728531 5.85517952819 5.90354953308 5.95194526768 6.00043172591 6.04864769877 6.09620360359 6.14307805486 6.18964346107 6.23631855298 
