range:1.39947571177 to 2.04185797788 
center: -3.92875197422 5.07398720874 -0.0390958091956
a: -279.846593016 -98.5835710924 412.404911215 156.172490768 79.3211492315 20.1059133549 -23.619010748 
b: 0.000352381260993 0.00289568140214 7.47410304998e-05 
c: -82.2211119519 -9.52957867145 124.279797281 50.7656652989 8.1609396288 2.03542671983 -8.81474967613 
angles: 4.48274879351e-07 0.0476996762323 0.0951877847407 0.142481183164 0.189851731876 0.237634132987 0.285966365424 0.334732593752 0.383633159834 0.432468775616 0.481302908372 0.530460024536 0.580172982937 0.630420964207 0.680865375015 0.731117864487 0.781093969992 0.831078248048 0.881472027906 0.932378786354 0.983491443861 1.03430856486 1.08460665621 1.13496502921 1.18635082508 1.23913280556 1.29272385894 1.34626614237 1.39947571177 1.45258777079 1.50601938207 1.56011292574 1.61445098303 1.6683697486 1.72164109328 1.77445776173 1.82784193044 1.88192954425 1.93576779796 1.9891485136 2.04185797788 2.0944440405 2.14758617927 2.20146391322 2.25559344844 2.30935668408 2.36270266118 2.41624374757 2.47067039823 2.52598908443 2.58146350033 2.6363812023 2.69090920491 2.7459045647 2.80198055043 2.85874521695 2.91518031634 2.97080105815 3.02632916103 3.08314332141 3.14159219503 3.20004120163 3.2568545146 3.31238370876 3.36800348107 3.42443860549 3.4812032698 3.5372800706 3.59227458004 3.64680330471 3.70172093295 3.75719533182 3.81251463626 3.86694122607 3.92048167947 3.97382812798 4.02759087721 4.08172083093 4.13559855257 4.18874067087 4.24132670668 4.29403634223 4.34741707271 4.40125543482 4.45534305887 4.50872722224 4.56154403569 4.61481534193 4.66873417224 4.72307228035 4.77716586168 4.83059752457 4.88370959024 4.93691920359 4.9904615232 5.04405263373 5.09683469724 5.14822030985 5.1985790299 5.2488771486 5.29969422276 5.35080678533 5.40171347054 5.45210771693 5.50209186655 5.55206794348 5.60232099605 5.65276540521 5.70301332828 5.75272609403 5.80188402929 5.8507181702 5.89955292411 5.94845349733 5.99721978812 6.04555293852 6.09333532601 6.14070488779 6.18799833275 6.23548650219 
range:2.04185797788 to 4.24132670668 
center: -4.60815098261 5.07207488697 -0.379708794887
a: 12.5963287836 21.6402993099 -3.85254309515 13.5507203285 -5.84340559632 5.9293307539 -4.07953470248 1.64201703837 -1.59229160886 0.21961376141 -0.297392033453 
b: 0.00234153211665 0.00293054894648 6.27962605261e-06 
c: 2300.05043318 2434.80096047 19278.9675931 -2279.82879795 29691.6746543 -5978.85853331 28589.3376527 -6580.50245531 20134.5593177 -4738.9670605 10708.8999346 -2392.50304005 4255.93232893 -833.90012149 1207.47572151 -183.81942496 220.426122297 -19.6947936711 19.6433940359 
angles: 4.48274879351e-07 0.0476996762323 0.0951877847407 0.142481183164 0.189851731876 0.237634132987 0.285966365424 0.334732593752 0.383633159834 0.432468775616 0.481302908372 0.530460024536 0.580172982937 0.630420964207 0.680865375015 0.731117864487 0.781093969992 0.831078248048 0.881472027906 0.932378786354 0.983491443861 1.03430856486 1.08460665621 1.13496502921 1.18635082508 1.23913280556 1.29272385894 1.34626614237 1.39947571177 1.45258777079 1.50601938207 1.56011292574 1.61445098303 1.6683697486 1.72164109328 1.77445776173 1.82784193044 1.88192954425 1.93576779796 1.9891485136 2.04185797788 2.0944440405 2.14758617927 2.20146391322 2.25559344844 2.30935668408 2.36270266118 2.41624374757 2.47067039823 2.52598908443 2.58146350033 2.6363812023 2.69090920491 2.7459045647 2.80198055043 2.85874521695 2.91518031634 2.97080105815 3.02632916103 3.08314332141 3.14159219503 3.20004120163 3.2568545146 3.31238370876 3.36800348107 3.42443860549 3.4812032698 3.5372800706 3.59227458004 3.64680330471 3.70172093295 3.75719533182 3.81251463626 3.86694122607 3.92048167947 3.97382812798 4.02759087721 4.08172083093 4.13559855257 4.18874067087 4.24132670668 4.29403634223 4.34741707271 4.40125543482 4.45534305887 4.50872722224 4.56154403569 4.61481534193 4.66873417224 4.72307228035 4.77716586168 4.83059752457 4.88370959024 4.93691920359 4.9904615232 5.04405263373 5.09683469724 5.14822030985 5.1985790299 5.2488771486 5.29969422276 5.35080678533 5.40171347054 5.45210771693 5.50209186655 5.55206794348 5.60232099605 5.65276540521 5.70301332828 5.75272609403 5.80188402929 5.8507181702 5.89955292411 5.94845349733 5.99721978812 6.04555293852 6.09333532601 6.14070488779 6.18799833275 6.23548650219 
range:4.24132670668 to 4.88370959024 
center: -5.28755095199 5.07398769531 -0.0390960646434
a: -142.904775471 10.5599346391 -218.9475615 92.9912582706 8.51118962745 -2.23860776428 16.9431455715 
b: 0.000451622841609 0.00294094129812 2.66846733886e-05 
c: -6.79031615179 -1.58933970721 -9.01622089739 2.11799323458 -1.15302190763 
angles: 4.48274879351e-07 0.0476996762323 0.0951877847407 0.142481183164 0.189851731876 0.237634132987 0.285966365424 0.334732593752 0.383633159834 0.432468775616 0.481302908372 0.530460024536 0.580172982937 0.630420964207 0.680865375015 0.731117864487 0.781093969992 0.831078248048 0.881472027906 0.932378786354 0.983491443861 1.03430856486 1.08460665621 1.13496502921 1.18635082508 1.23913280556 1.29272385894 1.34626614237 1.39947571177 1.45258777079 1.50601938207 1.56011292574 1.61445098303 1.6683697486 1.72164109328 1.77445776173 1.82784193044 1.88192954425 1.93576779796 1.9891485136 2.04185797788 2.0944440405 2.14758617927 2.20146391322 2.25559344844 2.30935668408 2.36270266118 2.41624374757 2.47067039823 2.52598908443 2.58146350033 2.6363812023 2.69090920491 2.7459045647 2.80198055043 2.85874521695 2.91518031634 2.97080105815 3.02632916103 3.08314332141 3.14159219503 3.20004120163 3.2568545146 3.31238370876 3.36800348107 3.42443860549 3.4812032698 3.5372800706 3.59227458004 3.64680330471 3.70172093295 3.75719533182 3.81251463626 3.86694122607 3.92048167947 3.97382812798 4.02759087721 4.08172083093 4.13559855257 4.18874067087 4.24132670668 4.29403634223 4.34741707271 4.40125543482 4.45534305887 4.50872722224 4.56154403569 4.61481534193 4.66873417224 4.72307228035 4.77716586168 4.83059752457 4.88370959024 4.93691920359 4.9904615232 5.04405263373 5.09683469724 5.14822030985 5.1985790299 5.2488771486 5.29969422276 5.35080678533 5.40171347054 5.45210771693 5.50209186655 5.55206794348 5.60232099605 5.65276540521 5.70301332828 5.75272609403 5.80188402929 5.8507181702 5.89955292411 5.94845349733 5.99721978812 6.04555293852 6.09333532601 6.14070488779 6.18799833275 6.23548650219 
range:4.88370959024 to 1.39947571177 
center: -4.60815114286 5.0764289116 0.432783705066
a: 0.00981522736066 -0.00712827485079 0.457068334704 -0.0129741092483 0.187982975493 0.0133339843799 -0.163758905486 0.00585962963811 -0.00321814150929 -0.020544456101 0.0960743351398 0.0172268936412 -0.0919989201035 -0.00592514420781 0.0282770298013 
b: -0.00207792689957 0.0029546621091 1.74002099983e-06 -5.94015968794e-05 -1.62696076912e-05 
c: -0.761102110903 1.21298512436 -0.0893039836343 -0.489310744697 0.114329900062 0.202861153399 -0.074712354275 -0.0806369278051 0.0231766171974 
angles: 4.48274879351e-07 0.0476996762323 0.0951877847407 0.142481183164 0.189851731876 0.237634132987 0.285966365424 0.334732593752 0.383633159834 0.432468775616 0.481302908372 0.530460024536 0.580172982937 0.630420964207 0.680865375015 0.731117864487 0.781093969992 0.831078248048 0.881472027906 0.932378786354 0.983491443861 1.03430856486 1.08460665621 1.13496502921 1.18635082508 1.23913280556 1.29272385894 1.34626614237 1.39947571177 1.45258777079 1.50601938207 1.56011292574 1.61445098303 1.6683697486 1.72164109328 1.77445776173 1.82784193044 1.88192954425 1.93576779796 1.9891485136 2.04185797788 2.0944440405 2.14758617927 2.20146391322 2.25559344844 2.30935668408 2.36270266118 2.41624374757 2.47067039823 2.52598908443 2.58146350033 2.6363812023 2.69090920491 2.7459045647 2.80198055043 2.85874521695 2.91518031634 2.97080105815 3.02632916103 3.08314332141 3.14159219503 3.20004120163 3.2568545146 3.31238370876 3.36800348107 3.42443860549 3.4812032698 3.5372800706 3.59227458004 3.64680330471 3.70172093295 3.75719533182 3.81251463626 3.86694122607 3.92048167947 3.97382812798 4.02759087721 4.08172083093 4.13559855257 4.18874067087 4.24132670668 4.29403634223 4.34741707271 4.40125543482 4.45534305887 4.50872722224 4.56154403569 4.61481534193 4.66873417224 4.72307228035 4.77716586168 4.83059752457 4.88370959024 4.93691920359 4.9904615232 5.04405263373 5.09683469724 5.14822030985 5.1985790299 5.2488771486 5.29969422276 5.35080678533 5.40171347054 5.45210771693 5.50209186655 5.55206794348 5.60232099605 5.65276540521 5.70301332828 5.75272609403 5.80188402929 5.8507181702 5.89955292411 5.94845349733 5.99721978812 6.04555293852 6.09333532601 6.14070488779 6.18799833275 6.23548650219 
