range:1.39916356628 to 2.04242813452 
center: -3.86968434785 5.2379920812 -0.0422106427715
a: -1428.97586692 -351.954379778 2130.10211938 835.63287379 285.103367111 72.8991242492 -134.49021268 
b: 0.00226700402428 0.00340799410009 -0.00188015357415 
c: 7.92750269196 21.2336460127 -7.6110470725 2.07974438776 -16.1067195137 -3.90325982129 -1.86953516185 
angles: 1.11659323688e-06 0.0470707230917 0.0941046620692 0.141179029387 0.188544590139 0.236413375331 0.284781567024 0.333422370509 0.382122655465 0.430917313841 0.48004191946 0.529676048042 0.579708110437 0.629837573383 0.679820641648 0.729735490383 0.779852647603 0.830398045777 0.881328061843 0.932421884781 0.983522011938 1.03478308853 1.08651412889 1.1387251001 1.1910852074 1.24320805951 1.2950964133 1.34701392333 1.39916356628 1.45151769197 1.50142820046 1.54739154347 1.59003088172 1.63261529601 1.67946750264 1.73345194218 1.79440080057 1.85933643599 1.92411803718 1.98548720773 2.04242813452 2.09568927621 2.14809537605 2.2012043123 2.25515669154 2.30924492079 2.36301348397 2.4166606868 2.4707248542 2.52541010832 2.5804398724 2.63542883157 2.69035819556 2.74558401356 2.80140690771 2.85768221944 2.91396651162 2.97006500342 3.02638841079 3.08355568172 3.14159159781 3.19962665743 3.25679428556 3.31311797354 3.36921651431 3.42550084403 3.48177616112 3.53759985149 3.59282556061 3.64775490843 3.70274382545 3.75777425418 3.81245892584 3.86652302217 3.92017066233 3.97393911936 4.02802730905 4.08198010246 4.13508922314 4.18749523986 4.24075648273 4.29769783538 4.35906791412 4.42385077297 4.48878760045 4.54973708646 4.60372129759 4.65057252273 4.69315565198 4.73579393242 4.78175674199 4.83166717649 4.88402181444 4.93617160368 4.98808914161 5.0399775796 5.09210047283 5.14446077694 5.19667174947 5.24840311514 5.29966423718 5.35076432126 5.40185867336 5.4527881929 5.50333349792 5.55345110758 5.6033658977 5.65334882302 5.7034782203 5.75351087897 5.80314571795 5.85226953888 5.9010642457 5.94976547895 5.99840542902 6.04677367048 6.09464343122 6.14200804932 6.18908360221 6.23611668129 
range:2.04242813452 to 4.24075648273 
center: -4.60815057522 5.23586099509 -0.415442669111
a: 4.08226290202 6.79868700826 2.14123122934 3.83753674385 1.59327173989 1.34692080838 0.796498669156 0.226567980094 0.21148407951 
b: 0.00199244652312 0.0023150126606 0.000262861298001 
c: 1431.18725057 2527.06228674 -20.649765158 1727.01112578 -28.0447332716 892.919138273 -21.4962287252 332.751657441 -10.483461991 80.7109460462 -3.09055739654 9.76077094306 -0.428643694778 
angles: 1.11659323688e-06 0.0470707230917 0.0941046620692 0.141179029387 0.188544590139 0.236413375331 0.284781567024 0.333422370509 0.382122655465 0.430917313841 0.48004191946 0.529676048042 0.579708110437 0.629837573383 0.679820641648 0.729735490383 0.779852647603 0.830398045777 0.881328061843 0.932421884781 0.983522011938 1.03478308853 1.08651412889 1.1387251001 1.1910852074 1.24320805951 1.2950964133 1.34701392333 1.39916356628 1.45151769197 1.50142820046 1.54739154347 1.59003088172 1.63261529601 1.67946750264 1.73345194218 1.79440080057 1.85933643599 1.92411803718 1.98548720773 2.04242813452 2.09568927621 2.14809537605 2.2012043123 2.25515669154 2.30924492079 2.36301348397 2.4166606868 2.4707248542 2.52541010832 2.5804398724 2.63542883157 2.69035819556 2.74558401356 2.80140690771 2.85768221944 2.91396651162 2.97006500342 3.02638841079 3.08355568172 3.14159159781 3.19962665743 3.25679428556 3.31311797354 3.36921651431 3.42550084403 3.48177616112 3.53759985149 3.59282556061 3.64775490843 3.70274382545 3.75777425418 3.81245892584 3.86652302217 3.92017066233 3.97393911936 4.02802730905 4.08198010246 4.13508922314 4.18749523986 4.24075648273 4.29769783538 4.35906791412 4.42385077297 4.48878760045 4.54973708646 4.60372129759 4.65057252273 4.69315565198 4.73579393242 4.78175674199 4.83166717649 4.88402181444 4.93617160368 4.98808914161 5.0399775796 5.09210047283 5.14446077694 5.19667174947 5.24840311514 5.29966423718 5.35076432126 5.40185867336 5.4527881929 5.50333349792 5.55345110758 5.6033658977 5.65334882302 5.7034782203 5.75351087897 5.80314571795 5.85226953888 5.9010642457 5.94976547895 5.99840542902 6.04677367048 6.09464343122 6.14200804932 6.18908360221 6.23611668129 
range:4.24075648273 to 4.88402181444 
center: -5.34661962517 5.23799258586 -0.0422099207073
a: -29.6688856229 -10.2896883107 -39.3843274827 9.70198697106 -5.37451473819 
b: 0.00627325392871 0.00522842911146 0.00597520362562 
c: -658.529241692 -113.88663306 -988.092770272 395.515453233 -92.6065828566 23.5352000577 66.057528145 
angles: 1.11659323688e-06 0.0470707230917 0.0941046620692 0.141179029387 0.188544590139 0.236413375331 0.284781567024 0.333422370509 0.382122655465 0.430917313841 0.48004191946 0.529676048042 0.579708110437 0.629837573383 0.679820641648 0.729735490383 0.779852647603 0.830398045777 0.881328061843 0.932421884781 0.983522011938 1.03478308853 1.08651412889 1.1387251001 1.1910852074 1.24320805951 1.2950964133 1.34701392333 1.39916356628 1.45151769197 1.50142820046 1.54739154347 1.59003088172 1.63261529601 1.67946750264 1.73345194218 1.79440080057 1.85933643599 1.92411803718 1.98548720773 2.04242813452 2.09568927621 2.14809537605 2.2012043123 2.25515669154 2.30924492079 2.36301348397 2.4166606868 2.4707248542 2.52541010832 2.5804398724 2.63542883157 2.69035819556 2.74558401356 2.80140690771 2.85768221944 2.91396651162 2.97006500342 3.02638841079 3.08355568172 3.14159159781 3.19962665743 3.25679428556 3.31311797354 3.36921651431 3.42550084403 3.48177616112 3.53759985149 3.59282556061 3.64775490843 3.70274382545 3.75777425418 3.81245892584 3.86652302217 3.92017066233 3.97393911936 4.02802730905 4.08198010246 4.13508922314 4.18749523986 4.24075648273 4.29769783538 4.35906791412 4.42385077297 4.48878760045 4.54973708646 4.60372129759 4.65057252273 4.69315565198 4.73579393242 4.78175674199 4.83166717649 4.88402181444 4.93617160368 4.98808914161 5.0399775796 5.09210047283 5.14446077694 5.19667174947 5.24840311514 5.29966423718 5.35076432126 5.40185867336 5.4527881929 5.50333349792 5.55345110758 5.6033658977 5.65334882302 5.7034782203 5.75351087897 5.80314571795 5.85226953888 5.9010642457 5.94976547895 5.99840542902 6.04677367048 6.09464343122 6.14200804932 6.18908360221 6.23611668129 
range:4.88402181444 to 1.39916356628 
center: -4.60815078752 5.24045593144 0.449023414816
a: 0.0035371466402 -0.000936573384546 0.322697608859 -0.00530464645294 0.262426931369 -0.000170672991839 -0.0239117585062 0.00535179458791 -0.129016253564 0.000748488136921 -0.00243962772407 -0.00528802727669 0.0759358220781 -0.0010855883995 -0.0010162523394 0.00537394319963 -0.0576492137351 0.00147143579367 -0.000636735104714 -0.00541122913318 0.043201212866 -0.00174775763333 -0.00168679803695 0.00552450662175 -0.0341910164695 0.00198514315095 0.00469212392775 -0.00561153780042 0.0278033185112 -0.00197360550575 -0.00796866177216 0.00581882428778 -0.022332510671 0.00166871994844 0.0112622301444 -0.00604618905368 0.0156365176211 -0.00064212495874 -0.0151678892459 0.00625134175389 -0.00651022765742 -0.00151874939227 0.0163771402804 -0.00440541309827 -0.00977436646177 0.00333902524787 0.00201979153737 
b: -0.00393989512263 0.00613523615416 8.01055234519e-05 -0.00166315137443 -0.000654621498522 
c: -0.0490202106084 0.0399082960726 -0.00488230608832 0.128376512034 0.00106030452849 0.0317017812185 0.00473020772371 -0.0831723427269 -0.00220009424441 -0.0315747106285 -0.00428887794751 0.0440712254026 0.00348649183469 -0.00354633018722 0.00320931467193 -0.0364178165411 -0.00481508145022 0.0198011898565 -0.000660033388063 0.00208446960725 0.00447388390914 -0.0070657775003 -0.00263895077956 
angles: 1.11659323688e-06 0.0470707230917 0.0941046620692 0.141179029387 0.188544590139 0.236413375331 0.284781567024 0.333422370509 0.382122655465 0.430917313841 0.48004191946 0.529676048042 0.579708110437 0.629837573383 0.679820641648 0.729735490383 0.779852647603 0.830398045777 0.881328061843 0.932421884781 0.983522011938 1.03478308853 1.08651412889 1.1387251001 1.1910852074 1.24320805951 1.2950964133 1.34701392333 1.39916356628 1.45151769197 1.50142820046 1.54739154347 1.59003088172 1.63261529601 1.67946750264 1.73345194218 1.79440080057 1.85933643599 1.92411803718 1.98548720773 2.04242813452 2.09568927621 2.14809537605 2.2012043123 2.25515669154 2.30924492079 2.36301348397 2.4166606868 2.4707248542 2.52541010832 2.5804398724 2.63542883157 2.69035819556 2.74558401356 2.80140690771 2.85768221944 2.91396651162 2.97006500342 3.02638841079 3.08355568172 3.14159159781 3.19962665743 3.25679428556 3.31311797354 3.36921651431 3.42550084403 3.48177616112 3.53759985149 3.59282556061 3.64775490843 3.70274382545 3.75777425418 3.81245892584 3.86652302217 3.92017066233 3.97393911936 4.02802730905 4.08198010246 4.13508922314 4.18749523986 4.24075648273 4.29769783538 4.35906791412 4.42385077297 4.48878760045 4.54973708646 4.60372129759 4.65057252273 4.69315565198 4.73579393242 4.78175674199 4.83166717649 4.88402181444 4.93617160368 4.98808914161 5.0399775796 5.09210047283 5.14446077694 5.19667174947 5.24840311514 5.29966423718 5.35076432126 5.40185867336 5.4527881929 5.50333349792 5.55345110758 5.6033658977 5.65334882302 5.7034782203 5.75351087897 5.80314571795 5.85226953888 5.9010642457 5.94976547895 5.99840542902 6.04677367048 6.09464343122 6.14200804932 6.18908360221 6.23611668129 
