range:0.882394425585 to 1.4028353582 
center: -4.08966714686 5.01942608573 0.304916698824
a: -0.518484148438 2.39442782153e-10 0.623890652871 1.67702645228e-07 -0.0383414500424 -1.65188674959e-08 -0.0516918235836 -9.69528303602e-09 0.0265657654432 6.34067926849e-09 0.00358658645724 4.20937266041e-09 -0.0100655514849 5.10017055057e-09 -0.00224731889562 -6.82128197507e-09 0.00414371307428 -1.2378441581e-08 -0.000653304672068 -7.08124065078e-09 -7.8124176261e-05 1.24614931332e-08 -1.42007528519e-05 1.06913856736e-08 0.00063880652834 3.67657191088e-09 -0.000969624626476 -6.2884247567e-09 0.000195721717264 -1.58281486512e-09 -1.8286757823e-05 -1.25818329675e-08 4.98739234955e-05 -3.3004161371e-09 -0.000423895362454 1.02114433915e-08 0.000370492727483 
b: -0.00136986694009 0.00283897525208 -2.72338839053e-07 2.07749732207e-05 3.48590891625e-08 
c: -0.249598222074 0.51825669257 3.68556835245e-10 0.00547475028086 -1.15778190821e-07 -0.0539417298999 -1.55679698711e-08 0.017250447899 4.17563215088e-08 -0.00583653866811 -2.51483177164e-08 0.000749461030449 3.60594797729e-08 -0.00717546993745 -1.33545806957e-08 0.00667128540353 3.33892025336e-08 -0.00427444044606 -2.08049046361e-08 0.00260552325852 1.93113728838e-08 -0.00360619186057 -2.06196153405e-08 0.00204357905887 2.26640747965e-08 -0.00262374561677 -4.19821883703e-09 0.00120960380454 2.68694321599e-08 -0.00163241023231 -1.8242835738e-09 0.000956578217029 7.79321481196e-09 -0.00119319783874 -6.71806448795e-09 0.000512127663416 5.68158484148e-09 
angles: 0.882394425585 0.933104441477 0.983909103014 1.03498271574 1.08652829913 1.13852508909 1.19080362825 1.24322775622 1.29597215631 1.34919512791 1.4028353582 
range:1.4028353582 to 2.6924511316 
center: -4.06274204254 5.01671167374 -0.190727169435
a: -0.545409252752 2.39442782153e-10 0.623890652871 1.67702645228e-07 -0.0383414500424 -1.65188674959e-08 -0.0516918235836 -9.69528303602e-09 0.0265657654432 6.34067926849e-09 0.00358658645724 4.20937266041e-09 -0.0100655514849 5.10017055057e-09 -0.00224731889562 -6.82128197507e-09 0.00414371307428 -1.2378441581e-08 -0.000653304672068 -7.08124065078e-09 -7.8124176261e-05 1.24614931332e-08 -1.42007528519e-05 1.06913856736e-08 0.00063880652834 3.67657191088e-09 -0.000969624626476 -6.2884247567e-09 0.000195721717264 -1.58281486512e-09 -1.8286757823e-05 -1.25818329675e-08 4.98739234955e-05 -3.3004161371e-09 -0.000423895362454 1.02114433915e-08 0.000370492727483 
b: 0.00134454505493 0.00283897525208 -2.72338839053e-07 2.07749732207e-05 3.48590891625e-08 
c: 0.246045646185 0.51825669257 3.68556835245e-10 0.00547475028086 -1.15778190821e-07 -0.0539417298999 -1.55679698711e-08 0.017250447899 4.17563215088e-08 -0.00583653866811 -2.51483177164e-08 0.000749461030449 3.60594797729e-08 -0.00717546993745 -1.33545806957e-08 0.00667128540353 3.33892025336e-08 -0.00427444044606 -2.08049046361e-08 0.00260552325852 1.93113728838e-08 -0.00360619186057 -2.06196153405e-08 0.00204357905887 2.26640747965e-08 -0.00262374561677 -4.19821883703e-09 0.00120960380454 2.68694321599e-08 -0.00163241023231 -1.8242835738e-09 0.000956578217029 7.79321481196e-09 -0.00119319783874 -6.71806448795e-09 0.000512127663416 5.68158484148e-09 
angles: 1.4028353582 1.45650442645 1.5101662063 1.56391946368 1.61775026981 1.67157882382 1.72529366859 1.77881493765 1.83205626387 1.88508505492 1.93802833363 1.99098444357 2.0439711586 2.09704424884 2.15021454277 2.2034994465 2.25692736292 2.31054883447 2.36440302284 2.41850954344 2.47285289999 2.52739161994 2.58214872925 2.63717273004 2.6924511316 
range:2.6924511316 to 3.25569414411 
center: -4.52265501022 5.01564025879 -0.386400908232
a: -0.0854962850705 2.39442782153e-10 0.623890652871 1.67702645228e-07 -0.0383414500424 -1.65188674959e-08 -0.0516918235836 -9.69528303602e-09 0.0265657654432 6.34067926849e-09 0.00358658645724 4.20937266041e-09 -0.0100655514849 5.10017055057e-09 -0.00224731889562 -6.82128197507e-09 0.00414371307428 -1.2378441581e-08 -0.000653304672068 -7.08124065078e-09 -7.8124176261e-05 1.24614931332e-08 -1.42007528519e-05 1.06913856736e-08 0.00063880652834 3.67657191088e-09 -0.000969624626476 -6.2884247567e-09 0.000195721717264 -1.58281486512e-09 -1.8286757823e-05 -1.25818329675e-08 4.98739234955e-05 -3.3004161371e-09 -0.000423895362454 1.02114433915e-08 0.000370492727483 
b: 0.00241596000264 0.00283897525208 -2.72338839053e-07 2.07749732207e-05 3.48590891625e-08 
c: 0.441719384982 0.51825669257 3.68556835245e-10 0.00547475028086 -1.15778190821e-07 -0.0539417298999 -1.55679698711e-08 0.017250447899 4.17563215088e-08 -0.00583653866811 -2.51483177164e-08 0.000749461030449 3.60594797729e-08 -0.00717546993745 -1.33545806957e-08 0.00667128540353 3.33892025336e-08 -0.00427444044606 -2.08049046361e-08 0.00260552325852 1.93113728838e-08 -0.00360619186057 -2.06196153405e-08 0.00204357905887 2.26640747965e-08 -0.00262374561677 -4.19821883703e-09 0.00120960380454 2.68694321599e-08 -0.00163241023231 -1.8242835738e-09 0.000956578217029 7.79321481196e-09 -0.00119319783874 -6.71806448795e-09 0.000512127663416 5.68158484148e-09 
angles: 2.6924511316 2.74791456085 2.8035117197 2.85923256038 2.91512423751 2.97117970563 3.02748948184 3.08426988235 3.14159218214 3.19891463168 3.25569414411 
range:3.25569414411 to 0.882394425585 
center: -4.85562083628 5.01875796256 0.182860719856
a: 0.247469540988 2.39442782153e-10 0.623890652871 1.67702645228e-07 -0.0383414500424 -1.65188674959e-08 -0.0516918235836 -9.69528303602e-09 0.0265657654432 6.34067926849e-09 0.00358658645724 4.20937266041e-09 -0.0100655514849 5.10017055057e-09 -0.00224731889562 -6.82128197507e-09 0.00414371307428 -1.2378441581e-08 -0.000653304672068 -7.08124065078e-09 -7.8124176261e-05 1.24614931332e-08 -1.42007528519e-05 1.06913856736e-08 0.00063880652834 3.67657191088e-09 -0.000969624626476 -6.2884247567e-09 0.000195721717264 -1.58281486512e-09 -1.8286757823e-05 -1.25818329675e-08 4.98739234955e-05 -3.3004161371e-09 -0.000423895362454 1.02114433915e-08 0.000370492727483 
b: -0.000701743769437 0.00283897525208 -2.72338839053e-07 2.07749732207e-05 3.48590891625e-08 
c: -0.127542243106 0.51825669257 3.68556835245e-10 0.00547475028086 -1.15778190821e-07 -0.0539417298999 -1.55679698711e-08 0.017250447899 4.17563215088e-08 -0.00583653866811 -2.51483177164e-08 0.000749461030449 3.60594797729e-08 -0.00717546993745 -1.33545806957e-08 0.00667128540353 3.33892025336e-08 -0.00427444044606 -2.08049046361e-08 0.00260552325852 1.93113728838e-08 -0.00360619186057 -2.06196153405e-08 0.00204357905887 2.26640747965e-08 -0.00262374561677 -4.19821883703e-09 0.00120960380454 2.68694321599e-08 -0.00163241023231 -1.8242835738e-09 0.000956578217029 7.79321481196e-09 -0.00119319783874 -6.71806448795e-09 0.000512127663416 5.68158484148e-09 
angles: 3.25569414411 3.3120040469 3.36806047307 3.42395210547 3.4796728983 3.5352700029 3.59073335781 3.64601172076 3.7010357064 3.75579351186 3.81033150436 3.86467481071 3.91878190602 3.97263603673 4.02625745151 4.07968534911 4.13297019845 4.18614051466 4.23921372931 4.29220057092 4.34515653138 4.39809985961 4.45112884201 4.50437008643 4.55789139454 4.61160628426 4.66543488733 4.71926573632 4.77301901624 4.8266808728 4.88034996246 4.93399026127 4.98721327791 5.03995767371 5.0923817952 5.14466067579 5.19665749952 5.248203112 5.29927683849 5.35008142858 5.40079145984 5.45137460615 5.50174931959 5.55193077259 5.60195107966 5.65178036494 5.70141669178 5.75089144123 5.80017396591 5.84918140988 5.89793898237 5.94649197358 5.9949083682 6.04322709371 6.09144269697 6.13955004781 6.18752984575 6.23539332049 4.24356188354e-07 0.0477928262408 0.0956562865916 0.14363604803 0.191743396764 0.23995903846 0.288277824043 0.336694258912 0.385247252679 0.434004875128 0.483012318398 0.532294837971 0.581769612433 0.631406001085 0.681234603188 0.731255017694 0.781436504261 0.831811249475 0.882394425585 
