2.27809366038e-07 1.33686825166e-07 0.393268972635
0.0207536108792 -2.2851880388e-08 0.395998239517
0.0422279722989 -1.53164393168e-07 0.40177026391
0.0647647306323 3.47372633769e-07 0.40890738368
0.0884258672595 9.05458890088e-08 0.416008710861
0.113062135875 -2.20110472071e-08 0.421951860189
0.138521894813 -1.21228026728e-07 0.426325351
0.164919599891 -8.57262776321e-08 0.429629474878
0.192281469703 4.95775864806e-08 0.43187057972
0.220668539405 8.39591152157e-08 0.433085352182
0.250131845474 2.00886717039e-07 0.433240264654
0.280425310135 -9.57307833005e-08 0.431816399097
0.311022996902 -1.58317988053e-07 0.4280859828
0.341153860092 -1.18421382922e-07 0.421289354563
0.370373487473 1.37347111462e-08 0.411341249943
0.398549318314 -1.3782788244e-08 0.398548871279
0.425414800644 2.54794318977e-08 0.383045047522
0.451057195663 -3.09555730382e-07 0.365258514881
0.476090669632 -1.41276913723e-07 0.345899879932
0.501126050949 -1.1375115605e-07 0.325434982777
0.52632021904 -2.6494450367e-07 0.303870856762
0.55128455162 1.70912258568e-07 0.280893415213
0.57527756691 -1.03340134672e-07 0.256130039692
0.598092794418 -1.64806721159e-07 0.229586288333
0.618109226227 -6.30660466072e-08 0.200835764408
0.634418964386 5.68489326724e-08 0.169991955161
0.645750761032 3.27993383564e-08 0.137258514762
0.650183439255 -1.09487778843e-07 0.102978885174
0.649285554886 -1.37241514153e-07 0.0682426095009
0.653249740601 -3.40801648235e-07 0.0342353545129
0.670404434204 -2.43643142994e-07 -1.07541808791e-09
0.685736238956 1.32532449015e-07 -0.0367482453585
0.698160946369 -1.18369300139e-07 -0.0676353126764
0.710676312447 -3.63677123971e-08 -0.105930261314
0.717787384987 -3.43981483297e-08 -0.156511038542
0.720792889595 -7.51675202082e-08 -0.201219514012
0.720305800438 1.32228691996e-07 -0.241677954793
0.718693971634 5.28280352796e-09 -0.287784844637
0.710710644722 -3.53333113878e-08 -0.319907128811
0.693112850189 2.36828640254e-07 -0.353158473969
0.669633388519 -1.44382212852e-07 -0.386612862349
0.641083240509 -4.57051179126e-08 -0.416324108839
0.609088420868 -8.01323807309e-08 -0.44252845645
0.576110124588 1.89245881188e-07 -0.466524511576
0.54245018959 -5.65557485288e-08 -0.488423913717
0.507818460464 2.84015214902e-07 -0.507818341255
0.471614599228 -5.01490440286e-08 -0.523780941963
0.434469938278 1.096225688e-07 -0.536525189877
0.396843194962 1.8905869581e-07 -0.546207249165
0.359507799149 8.83958506392e-08 -0.553592562675
0.322909593582 -1.68522646504e-07 -0.559294998646
0.287394285202 -4.07995827345e-07 -0.564042747021
0.252729177475 -2.78771466355e-07 -0.56763869524
0.218269571662 -2.11143714068e-07 -0.568611323833
0.183836683631 6.42732516098e-08 -0.565790772438
0.149903520942 -3.57799393669e-07 -0.559447050095
0.116781942546 -2.10734582562e-10 -0.549414515495
0.0847990438342 -4.88362594808e-09 -0.535397529602
0.0545084364712 7.61827081419e-08 -0.518609881401
0.0263836290687 -1.40215831834e-07 -0.503422021866
2.28771753541e-07 -3.5916752239e-08 -0.496738523245
-0.0263826940209 -1.66111277622e-07 -0.503421127796
-0.0545075051486 2.61173713767e-08 -0.518608570099
-0.0847981050611 -7.83811273664e-08 -0.535396337509
-0.116781003773 -9.71712026399e-08 -0.549413621426
-0.149903073907 -2.29226571058e-09 -0.559446513653
-0.183836236596 -8.23792376536e-08 -0.565790474415
-0.218269124627 9.3146347524e-08 -0.568611323833
-0.252728700638 -3.89937554468e-10 -0.567638933659
-0.287393808365 -1.56501215542e-07 -0.564043045044
-0.322909116745 5.50872165661e-08 -0.559295296669
-0.359507322311 -1.93401064053e-07 -0.553592979908
-0.396842718124 -1.21733961578e-07 -0.546207726002
-0.434469461441 -2.30395912126e-07 -0.536525726318
-0.471614599228 5.79803831613e-08 -0.523781657219
-0.507818937302 -1.12787667206e-07 -0.507819116116
-0.54245018959 -3.38898509256e-09 -0.488424777985
-0.576110601425 -2.60837055066e-07 -0.466525405645
-0.609089136124 -7.94297747575e-08 -0.442529350519
-0.641083955765 -7.0106999317e-08 -0.416325032711
-0.669634580612 -1.91168354036e-07 -0.386613816023
-0.693114042282 1.71418150785e-07 -0.353159427643
-0.709608733654 2.02667180815e-07 -0.327670156956
-0.722317874432 1.86045241435e-07 -0.29577934742
-0.731604933739 -2.02829838258e-07 -0.253612875938
-0.735462009907 4.03087980771e-08 -0.207706838846
-0.728632509708 6.48236451184e-08 -0.159262150526
-0.717419505119 5.65497444427e-08 -0.114058122039
-0.703890800476 -1.9288721731e-08 -0.0754936933517
-0.690659165382 -2.30410861946e-07 -0.0414598621428
-0.670406103134 -2.96261106314e-07 8.61929833063e-11
-0.653251409531 9.63053494729e-08 0.0342354774475
-0.649286985397 -1.74568199895e-07 0.0682428628206
-0.650185346603 -1.48258195054e-07 0.102979272604
-0.645752668381 -3.04163716436e-09 0.1372590065
-0.634420156479 2.97126341309e-08 0.169992491603
-0.61811041832 -7.78114710442e-08 0.200836390257
-0.59809422493 -1.63744388715e-07 0.229586914182
-0.575278520584 -8.47490824185e-08 0.256130754948
-0.551285505295 -2.68378386181e-07 0.280894130468
-0.526320695877 -2.07852750123e-07 0.30387160182
-0.501127004623 -3.70890802515e-08 0.325435817242
-0.476091146469 -4.50063346591e-08 0.345900714397
-0.451057672501 -1.93515148794e-07 0.365259379148
-0.425415277481 1.61934138987e-07 0.383045852184
-0.398549318314 1.44378560663e-07 0.398549586535
-0.370373487473 1.94800577447e-07 0.411341845989
-0.341153383255 -3.90456506238e-07 0.4212898314
-0.311022520065 7.09253953346e-08 0.428086340427
-0.280424833298 -3.17847423048e-07 0.431816518307
-0.2501308918 3.02075209291e-09 0.433240324259
-0.220667615533 -8.99855763237e-08 0.433085292578
-0.192281022668 -1.01295952959e-07 0.431870400906
-0.164919152856 2.6183903401e-07 0.429629296064
-0.138520970941 -2.28992291795e-07 0.426325052977
-0.113061197102 -1.0901578662e-07 0.421951442957
-0.0884249284863 2.39767352639e-08 0.416008114815
-0.0647642686963 -1.76361226067e-07 0.40890660882
-0.0422275178134 -1.8324926998e-07 0.401769667864
-0.0207531563938 -3.63039411866e-08 0.395997703075
