0.0848306193948 0.0 0.410062879324
0.109258271754 0.0 0.405066668987
0.133909448981 0.0 0.4109582901
0.157411232591 0.0 0.42060688138
0.180566966534 0.0 0.431361228228
0.203569635749 0.0 0.441979289055
0.226982101798 0.0 0.45191475749
0.25089636445 0.0 0.460582315922
0.275326013565 0.0 0.467445641756
0.300302624702 0.0 0.472011983395
0.325650215149 0.0 0.473834097385
0.351058453321 0.0 0.472999513149
0.376259386539 0.0 0.469857156277
0.401138871908 0.0 0.464659571648
0.425554037094 0.0 0.457578539848
0.449363440275 0.0 0.448712527752
0.472402691841 0.0 0.438086688519
0.494595170021 0.0 0.425551682711
0.515434324741 0.0 0.410999983549
0.534320175648 0.0 0.394076764584
0.550037264824 0.0 0.374175459146
0.560746967793 0.0 0.35123065114
0.565691590309 0.0 0.326404035091
0.565868675709 0.0 0.301045119762
0.563071429729 0.0 0.275802820921
0.558907270432 0.0 0.250720620155
0.554628133774 0.0 0.225683838129
0.551228046417 0.0 0.200518384576
0.549247920513 0.0 0.175172477961
0.548665761948 0.0 0.149772331119
0.549466431141 0.0 0.124369114637
0.55170661211 0.0 0.0990798473358
0.555541217327 0.0 0.0739313736558
0.561230003834 0.0 0.0491611585021
0.569234073162 0.0 0.0250574555248
0.580257296562 0.0 0.00220674648881
0.594226300716 0.0 -0.0189586952329
0.60994130373 0.0 -0.0388926900923
0.625662684441 0.0 -0.058831948787
0.639327347279 0.0 -0.0801998749375
0.649030566216 0.0 -0.103590384126
0.654498696327 0.0 -0.12840205431
0.656790018082 0.0 -0.153714224696
0.656532347202 0.0 -0.179133623838
0.6539452672 0.0 -0.204425126314
0.648918330669 0.0 -0.229340732098
0.640907943249 0.0 -0.253404349089
0.628680706024 0.0 -0.275640487671
0.611829638481 0.0 -0.294536024332
0.591569662094 0.0 -0.309789031744
0.569804430008 0.0 -0.322866648436
0.548027634621 0.0 -0.33593660593
0.527171730995 0.0 -0.35043206811
0.507891476154 0.0 -0.366964191198
0.49084725976 0.0 -0.385740935802
0.476479142904 0.0 -0.406687498093
0.464982837439 0.0 -0.429329097271
0.455205440521 0.0 -0.452782690525
0.445284157991 0.0 -0.476185768843
0.433530241251 0.0 -0.498706698418
0.418162971735 0.0 -0.518861711025
0.397945940495 0.0 -0.53399258852
0.373913288116 0.0 -0.541727662086
0.348562061787 0.0 -0.543166041374
0.3231972754 0.0 -0.540770053864
0.298293799162 0.0 -0.535878419876
0.273770749569 0.0 -0.5291249156
0.249717742205 0.0 -0.520855009556
0.2261672616 0.0 -0.511208593845
0.203298777342 0.0 -0.500212967396
0.181179970503 0.0 -0.487563252449
0.16048309207 0.0 -0.472875267267
0.141047284007 0.0 -0.456696033478
0.120666503906 0.0 -0.44159206748
0.0972597301006 0.0 -0.432168871164
0.0721289217472 0.0 -0.429390251637
0.0468562655151 0.0 -0.430715739727
0.0214752554893 0.0 -0.434290289879
-0.00343146175146 0.0 -0.438878297806
-0.0283393375576 0.0 -0.443972587585
-0.0532352812588 0.0 -0.449272543192
-0.0780874490738 0.0 -0.454577386379
-0.102930977941 0.0 -0.45974868536
-0.127867668867 0.0 -0.464680731297
-0.152899339795 0.0 -0.469248741865
-0.178017482162 0.0 -0.47331687808
-0.203211292624 0.0 -0.476728618145
-0.228472784162 0.0 -0.479292392731
-0.253796577454 0.0 -0.480757832527
-0.279179900885 0.0 -0.480774849653
-0.304500728846 0.0 -0.478827834129
-0.329534560442 0.0 -0.474273264408
-0.35385799408 0.0 -0.466857790947
-0.377100765705 0.0 -0.456632524729
-0.399023234844 0.0 -0.443867385387
-0.419568479061 0.0 -0.428993463516
-0.438892811537 0.0 -0.412489235401
-0.457228392363 0.0 -0.394898951054
-0.474951773882 0.0 -0.376719504595
-0.492566615343 0.0 -0.35838714242
-0.510573267937 0.0 -0.340455204248
-0.529462456703 0.0 -0.32352077961
-0.549278438091 0.0 -0.307569622993
-0.569577157497 0.0 -0.292350620031
-0.590101838112 0.0 -0.277319580317
-0.610316157341 0.0 -0.261917889118
-0.629510700703 0.0 -0.245325967669
-0.646467506886 0.0 -0.226469531655
-0.659020423889 0.0 -0.204482778907
-0.665247440338 0.0 -0.179932072759
-0.665726542473 0.0 -0.154566854239
-0.661669313908 0.0 -0.129494845867
-0.654026269913 0.0 -0.105272836983
-0.643411815166 0.0 -0.0822059288621
-0.630160748959 0.0 -0.0605253614485
-0.614442884922 0.0 -0.0405756048858
-0.596556961536 0.0 -0.0225636642426
-0.577353000641 0.0 -0.00594954565167
-0.557708323002 0.0 0.0101661169901
-0.538554310799 0.0 0.0268541909754
-0.521100878716 0.0 0.0452835708857
-0.507046878338 0.0 0.0663894414902
-0.498123407364 0.0 0.0901078134775
-0.494042277336 0.0 0.115125976503
-0.493167430162 0.0 0.140505149961
-0.494360268116 0.0 0.165926486254
-0.496863037348 0.0 0.191199451685
-0.500147879124 0.0 0.216412559152
-0.503773629665 0.0 0.24157205224
-0.507307350636 0.0 0.266768664122
-0.510189294815 0.0 0.291970491409
-0.51169025898 0.0 0.317290067673
-0.510761916637 0.0 0.342669487
-0.506024837494 0.0 0.367599636316
-0.496313929558 0.0 0.390981763601
-0.48163741827 0.0 0.411604195833
-0.46321606636 0.0 0.429016202688
-0.442414551973 0.0 0.443715214729
-0.420410215855 0.0 0.456283092499
-0.397455006838 0.0 0.467340230942
-0.374051570892 0.0 0.477075368166
-0.350164979696 0.0 0.485773652792
-0.325934767723 0.0 0.493547677994
-0.301502019167 0.0 0.500465035439
-0.276850879192 0.0 0.506603777409
-0.252015262842 0.0 0.511996269226
-0.227032035589 0.0 0.516649484634
-0.20193234086 0.0 0.520520627499
-0.176681011915 0.0 0.523529291153
-0.151330992579 0.0 0.525547683239
-0.12594640255 0.0 0.526405990124
-0.10058798641 0.0 0.525872588158
-0.0752160549164 0.0 0.523599207401
-0.0502939037979 0.0 0.519125521183
-0.025941170752 0.0 0.51168435812
-0.00326743489131 0.0 0.500378370285
0.0166753884405 0.0 0.48474496603
0.0338888019323 0.0 0.466085314751
0.0494762733579 0.0 0.446007400751
0.0654286593199 0.0 0.426191151142
