-4.60815048218 5.27662706375 0.494771301746
-4.57404613495 5.27667856216 0.504193842411
-4.54071235657 5.27674341202 0.516060113907
-4.50650024414 5.27679300308 0.525097429752
-4.47162914276 5.27682685852 0.531161189079
-4.4363861084 5.2768445015 0.534421563148
-4.40102529526 5.27685165405 0.535823225975
-4.36563873291 5.27685165405 0.535793423653
-4.3303604126 5.27683973312 0.533552646637
-4.2953953743 5.27681159973 0.528438031673
-4.26111555099 5.27676343918 0.519627273083
-4.22839736938 5.27668952942 0.506180107594
-4.19671154022 5.27660369873 0.490486174822
-4.16594028473 5.27650785446 0.473035722971
-4.13598871231 5.2764043808 0.454177051783
-4.10736703873 5.27629089355 0.433357089758
-4.07961130142 5.27617073059 0.411424845457
-4.05256175995 5.27604579926 0.388601183891
-4.02617931366 5.27591657639 0.365006357431
-4.0009431839 5.2757806778 0.340224474669
-3.97658038139 5.27564001083 0.314569294453
-3.95654416084 5.27548027039 0.285392403603
-3.93826580048 5.27531480789 0.255165696144
-3.92207884789 5.27514219284 0.223689973354
-3.90553379059 5.2749710083 0.192401379347
-3.89086031914 5.27479505539 0.16033859551
-3.8803563118 5.27461051941 0.126540094614
-3.87517881393 5.27441883087 0.0915268808603
-3.87054395676 5.2742266655 0.0564515180886
-3.86767458916 5.27403306961 0.0211741439998
-3.8654487133 5.27383995056 -0.0141459107399
-3.86363530159 5.27364635468 -0.0494934357703
-3.86225748062 5.27345275879 -0.0848586931825
-3.86115503311 5.2732591629 -0.120235383511
-3.86129069328 5.27306509018 -0.155602946877
-3.86292743683 5.27287149429 -0.190959006548
-3.86513113976 5.27267837524 -0.226249828935
-3.87156200409 5.27248764038 -0.261054694653
-3.88602042198 5.27232170105 -0.291396588087
-3.91218900681 5.27219104767 -0.315228253603
-3.94397425652 5.27210617065 -0.330736279488
-3.97586846352 5.27202224731 -0.34608271718
-4.00631570816 5.27192354202 -0.364110857248
-4.03672409058 5.27182435989 -0.382218211889
-4.06775760651 5.27173137665 -0.399238139391
-4.09937238693 5.27164459229 -0.415053009987
-4.13201141357 5.27156925201 -0.428744643927
-4.16557598114 5.27150917053 -0.439786791801
-4.19964170456 5.27145671844 -0.449393153191
-4.23440551758 5.27142000198 -0.456014096737
-4.26928281784 5.27138757706 -0.461993038654
-4.30434179306 5.27136087418 -0.466856658459
-4.33958768845 5.27134418488 -0.469914704561
-4.3748922348 5.27133703232 -0.47117343545
-4.41017627716 5.27135276794 -0.468381047249
-4.44485235214 5.27138900757 -0.461733788252
-4.47884988785 5.27144098282 -0.452258765697
-4.51113271713 5.27152013779 -0.437746524811
-4.54232501984 5.27161169052 -0.421107888222
-4.57349443436 5.27170228958 -0.404574662447
-4.60711860657 5.27176237106 -0.393521249294
-4.64074325562 5.27170562744 -0.403895378113
-4.67209625244 5.27161741257 -0.420018613338
-4.70318746567 5.271525383 -0.436854809523
-4.73546934128 5.27144575119 -0.451367378235
-4.76933526993 5.27139186859 -0.46122983098
-4.80395889282 5.27135372162 -0.468209385872
-4.83924341202 5.27133798599 -0.471002042294
-4.87454605103 5.2713432312 -0.47006431222
-4.90980768204 5.27135944366 -0.467155426741
-4.94486618042 5.27138614655 -0.462291836739
-4.97976016998 5.27141809464 -0.456412792206
-5.01455450058 5.27145385742 -0.449922740459
-5.04863452911 5.27150583267 -0.440376967192
-5.08228683472 5.27156543732 -0.429585635662
-5.11492538452 5.27164030075 -0.415894150734
-5.14663887024 5.2717256546 -0.400283485651
-5.17767238617 5.27181911469 -0.383263558149
-5.20812416077 5.27191781998 -0.36523103714
-5.23847532272 5.27201747894 -0.34702539444
-5.27036952972 5.27210140228 -0.331679195166
-5.30226421356 5.27218580246 -0.316332668066
-5.32672739029 5.27232456207 -0.290889769793
-5.34481525421 5.27249002457 -0.260709166527
-5.35694789886 5.27266788483 -0.228226616979
-5.35822868347 5.27286195755 -0.192855656147
-5.35894012451 5.27305603027 -0.15746961534
-5.35954093933 5.273250103 -0.122081950307
-5.35746622086 5.27344369888 -0.086748868227
-5.35523843765 5.27363681793 -0.0514282472432
-5.35170030594 5.27382946014 -0.0162112675607
-5.34813928604 5.27402162552 0.0190019775182
-5.34196949005 5.27421283722 0.0538540035486
-5.33579921722 5.27440404892 0.0887060239911
-5.32766771317 5.27459287643 0.123146191239
-5.31929254532 5.27478122711 0.157534778118
-5.30708360672 5.27496290207 0.190747916698
-5.29422330856 5.27514314651 0.223691865802
-5.27803659439 5.27531528473 0.25516718626
-5.25975751877 5.27548074722 0.28539404273
-5.23972129822 5.27564048767 0.314570695162
-5.21535873413 5.27578115463 0.340225785971
-5.19012212753 5.27591705322 0.365007579327
-5.16373968124 5.27604627609 0.388602763414
-5.13669013977 5.27617120743 0.411426007748
-5.10893440247 5.27629137039 0.433358192444
-5.08031272888 5.27640485764 0.454178065062
-5.05036115646 5.2765083313 0.473036676645
-5.01958990097 5.27660417557 0.490487158298
-4.98790407181 5.27669000626 0.506180882454
-4.9551858902 5.27676343918 0.519627869129
-4.92090559006 5.27681159973 0.528438329697
-4.88594055176 5.27683973312 0.533552825451
-4.85066270828 5.27685213089 0.535793423653
-4.8152756691 5.27685213089 0.53582316637
-4.77991580963 5.2768445015 0.534421443939
-4.74467182159 5.27682685852 0.53116106987
-4.70980119705 5.27679347992 0.525097131729
-4.67558860779 5.27674388885 0.51605963707
-4.64225530624 5.276679039 0.504193425179
