-2.89355019945e-08 1.86428159268e-07 0.458190750229 
0.0239681908216 1.20931392563e-07 0.457336117792 
0.0478448578443 2.49201416173e-07 0.455213732243 
0.0716118523206 -7.01306040116e-08 0.452140469163 
0.0953182884778 8.30740888233e-08 0.448437575508 
0.118997544917 2.7657579919e-07 0.444104478292 
0.142624349269 -6.0812318757e-08 0.43895223093 
0.165971727046 -9.59102166298e-08 0.432370486713 
0.188758344325 -4.62353931391e-08 0.423957986293 
0.210922212275 1.22409575851e-07 0.413957869426 
0.232428998622 -1.36668365139e-07 0.402578905275 
0.253679723414 -1.45916394332e-07 0.390632482108 
0.274792165431 1.32299743851e-07 0.378219122706 
0.295952768001 9.63348140079e-08 0.365471050889 
0.31724259344 -1.46669297735e-07 0.352333470795 
0.338890046748 -1.58105154692e-07 0.338890044674 
0.361095399531 -1.7092194173e-07 0.325131784127 
0.383782357844 1.95840621329e-07 0.310780690936 
0.40685650793 4.51566379879e-08 0.295598399468 
0.430016011866 5.57598229846e-08 0.279255688947 
0.452964276942 -1.03916313174e-07 0.261519052981 
0.474873990687 8.52275352306e-08 0.241960263029 
0.494384736689 2.822587306e-07 0.220114245776 
0.510056466731 3.67367401548e-07 0.195792389972 
0.521946878108 -3.02163387907e-07 0.16959079594 
0.531138391169 1.242871984e-07 0.142318165826 
0.537856073054 2.29717722722e-07 0.114324769503 
0.541930169734 2.59863321792e-07 0.0858332980367 
0.543227166804 3.88661896911e-08 0.057095440274 
0.542319268855 -8.62256420531e-08 0.0284217380994 
0.540070504817 6.89860144868e-08 6.94948055391e-10 
0.537287683162 3.8484823007e-08 -0.0281580442905 
0.534063787135 4.06228689203e-08 -0.0561323361267 
0.530048341426 -1.95702360858e-08 -0.0839513984374 
0.524523229274 -1.09966871414e-07 -0.111490877677 
0.517021627101 1.32302869699e-07 -0.138535477972 
0.506952733668 -8.63553042277e-08 -0.164718908617 
0.494023770961 2.50046835021e-07 -0.189637944589 
0.4776639649 2.44276824863e-07 -0.212669562576 
0.457464189204 -6.23784677124e-08 -0.233089522604 
0.434380502376 1.79423885355e-07 -0.250789560013 
0.40943715063 2.48009871797e-07 -0.265891406065 
0.38217398611 2.36403124514e-07 -0.277665522665 
0.353174180659 2.78092729981e-07 -0.285994755584 
0.325799436244 -6.05893389558e-08 -0.293350947892 
0.300858468684 -1.82191106589e-07 -0.300858350826 
0.277730436 -1.25964305321e-07 -0.308451130399 
0.25572583166 -7.57540274433e-09 -0.315795176889 
0.234058351191 1.63591198232e-07 -0.322153739888 
0.212244958552 1.02260998719e-07 -0.32682822712 
0.19007632223 3.6176853381e-08 -0.329221466557 
0.167790383967 2.60652539785e-07 -0.329307422466 
0.145767659816 1.54282882447e-07 -0.327399170324 
0.124515027675 -5.07734173628e-08 -0.324372860682 
0.104065389308 -1.2487967457e-08 -0.320280265659 
0.0843949028577 2.52259118804e-07 -0.314966720146 
0.0655626961316 5.27064437702e-08 -0.30844740856 
0.0477041908826 -8.68579979e-08 -0.301192208046 
0.0308994957532 1.09625552929e-07 -0.293988705386 
0.0150818535413 1.83049091773e-07 -0.287781694633 
-2.89355019945e-08 5.63442348108e-08 -0.284607843076 
-0.0150819114123 1.78264772031e-07 -0.287781635221 
-0.0308995536242 1.02449073313e-07 -0.293988616268 
-0.0477042487536 -9.40344775154e-08 -0.301192118928 
-0.0655622771655 4.67260440912e-08 -0.308447334295 
-0.0843949607287 2.47474799061e-07 -0.314966660734 
-0.104065447179 -1.72722872012e-08 -0.320280206247 
-0.124515085546 -5.31655772341e-08 -0.324372830976 
-0.14576724085 1.53086802511e-07 -0.327399155471 
-0.167790441838 2.60652539785e-07 -0.329307422466 
-0.190075903264 3.6176853381e-08 -0.329221466557 
-0.212244539586 1.0465315859e-07 -0.326828256826 
-0.234058409062 1.67179438041e-07 -0.322153784447 
-0.255725889531 -3.98716293662e-09 -0.315795221448 
-0.277730493871 -1.22376065512e-07 -0.308451174958 
-0.300858526555 2.96695706387e-07 -0.300858357111 
-0.325799017278 -5.70010991463e-08 -0.293350992451 
-0.35317423853 -1.93617603381e-07 -0.285994838417 
-0.382174043981 2.3999136432e-07 -0.277665567224 
-0.409436731664 2.5279419154e-07 -0.265891465478 
-0.434380560247 1.84806245066e-07 -0.250789626852 
-0.457463770238 -5.75941479699e-08 -0.233089582016 
-0.477664022771 2.49659184572e-07 -0.212669629415 
-0.494023828832 2.55130174749e-07 -0.189638007715 
-0.506952791539 3.92980038726e-07 -0.164718920471 
-0.517021684972 1.35797665761e-07 -0.138535521371 
-0.524523287145 -1.06528141599e-07 -0.11149092038 
-0.530048399297 -1.71780762145e-08 -0.0839514281436 
-0.534063845006 4.18189488554e-08 -0.0561323509798 
-0.537287741033 3.96809029426e-08 -0.0281580591435 
-0.540070562688 6.89860144868e-08 6.94948055391e-10 
-0.542319326726 -8.74217219885e-08 0.0284217529525 
-0.543227224675 3.76701097555e-08 0.057095455127 
-0.541930227605 2.5747116192e-07 0.0858333277429 
-0.537856130925 2.2493340298e-07 0.114324828915 
-0.531138925878 1.21895038528e-07 0.142318195532 
-0.521946935979 1.68350865521e-07 0.169590893627 
-0.510056524602 -1.12715491369e-07 0.19579241111 
-0.494384794561 2.77474410856e-07 0.220114305188 
-0.474874048558 8.04432154864e-08 0.241960322441 
-0.452964334813 -1.11092792788e-07 0.261519142099 
-0.430016069738 4.85833433692e-08 0.279255778065 
-0.406856565801 4.03723182454e-08 0.29559845888 
-0.383782415715 1.88664141716e-07 0.310780780055 
-0.361095457402 -1.75706261474e-07 0.325131843539 
-0.338890104619 3.1001693886e-07 0.338890172067 
-0.317242651311 3.23844955694e-07 0.352333568482 
-0.295952825872 9.15504942637e-08 0.365471110302 
-0.274792223302 1.27515424107e-07 0.378219182118 
-0.253679781285 -1.50700714071e-07 0.39063254152 
-0.232429056493 3.29061568549e-07 0.402579062374 
-0.210922270146 1.17625256105e-07 0.413957928838 
-0.188758402196 -5.1019712885e-08 0.423958045705 
-0.16597130808 -9.59102166298e-08 0.432370486713 
-0.14262440714 -6.5596638503e-08 0.438952290342 
-0.118997602788 2.7657579919e-07 0.444104478292 
-0.0953183463488 7.82897690774e-08 0.44843763492 
-0.0716119101916 -7.49149237575e-08 0.452140528575 
-0.0478449157153 2.49201416173e-07 0.455213732243 
-0.0239677718554 1.20931392563e-07 0.457336117792 
