-3.3232794729e-08 -4.4713305347e-08 0.210865008751 
0.0329567539407 -2.56197472718e-08 0.208081199451 
0.0630611371353 4.40878539637e-08 0.194082256901 
0.0882279604641 -5.92642838378e-08 0.173156616108 
0.107978655173 2.88738739166e-08 0.148619784724 
0.124144035911 -1.96858833323e-08 0.124143995892 
0.138520580586 -3.40496350737e-08 0.100641142737 
0.152885438786 5.39699180368e-08 0.0778990139562 
0.167598614603 7.95753230484e-08 0.0544560967461 
0.182490477284 -6.04448252891e-08 0.028903668064 
0.196478148023 2.82791017946e-08 5.79870502445e-10 
0.208294538394 -7.38843429627e-08 -0.0329905849273 
0.217337734847 -4.06482422981e-08 -0.0706172660595 
0.222825443962 -1.37975848732e-08 -0.113535211506 
0.222094451872 5.5367636898e-08 -0.161360986542 
0.210536434336 4.24700663309e-08 -0.210536376696 
0.186711591968 1.12642530711e-08 -0.256986435301 
0.151541062323 -8.03364542312e-08 -0.297415746078 
0.107220940565 4.04255505002e-08 -0.32999166396 
0.0561572421323 -6.94160650623e-08 -0.354563322225 
-3.38469664017e-08 -6.16529919413e-08 -0.364202838616 
-0.056944605816 1.14657923965e-08 -0.359535224541 
-0.111657069386 3.66407779256e-08 -0.343645315526 
-0.160726275607 1.04780100594e-08 -0.315443218839 
-0.199080113007 -2.74847763442e-08 -0.274010257293 
-0.221350156009 6.24809290938e-08 -0.221350394785 
-0.223387113028 2.26173393634e-08 -0.162300353854 
-0.21144117319 5.95547173469e-09 -0.107734776889 
-0.198488921326 3.28095839741e-08 -0.0644930199 
-0.191985838661 -1.64246338565e-08 -0.030407536487 
-0.187904292643 -3.68481144208e-09 1.06618641883e-08 
-0.183232987132 4.90077434728e-08 0.0290212280986 
-0.176485125082 3.2001407196e-08 0.0573434859427 
-0.16662672068 -3.72391920759e-08 0.0849006974915 
-0.153008844885 -3.92492067228e-08 0.111167337024 
-0.135262662571 -3.54204518728e-08 0.135262892174 
-0.113770848544 -2.81647947976e-08 0.156591999195 
-0.0890625641641 -5.70041011592e-08 0.174795174274 
-0.0619093598714 -6.80976072803e-08 0.190538246752 
-0.0322024432355 -3.21046190457e-09 0.203317728354 
