-5.01184606552 2.30198383331 0.467417091131 
-4.95200824738 2.29739785194 0.460873961449 
-4.89831924438 2.29389572144 0.432278066874 
-4.8560256958 2.29171061516 0.388480901718 
-4.82569408417 2.29063940048 0.338679224253 
-4.80779361725 2.29062628746 0.286330968142 
-4.80316209793 2.29167580605 0.233740031719 
-4.80867815018 2.29341506958 0.185518741608 
-4.81972551346 2.29540491104 0.144332110882 
-4.83097267151 2.29721283913 0.1104856655 
-4.84059381485 2.29875278473 0.0817786753178 
-4.84939622879 2.30014848709 0.0559960752726 
-4.85831785202 2.30151128769 0.0317929014564 
-4.86819696426 2.30292725563 0.00844046846032 
-4.87995910645 2.30447459221 -0.0142260696739 
-4.89454555511 2.30621552467 -0.0357340611517 
-4.9123673439 2.30816364288 -0.0553705468774 
-4.93375778198 2.31030654907 -0.0717061981559 
-4.95816278458 2.31257104874 -0.0836515948176 
-4.98449659348 2.31486701965 -0.091071844101 
-5.01184606552 2.3171210289 -0.0939321145415 
-5.03949213028 2.31929159164 -0.0928323417902 
-5.06743001938 2.32141947746 -0.0892828330398 
-5.09645414352 2.32359242439 -0.084189645946 
-5.12719011307 2.3258395195 -0.0768080949783 
-5.15702342987 2.32784509659 -0.0631257966161 
-5.18386363983 2.32943367958 -0.0428125783801 
-5.20793437958 2.33067011833 -0.0176248569041 
-5.22782897949 2.33144831657 0.01223588828 
-5.24119853973 2.33159637451 0.0462104380131 
-5.25237417221 2.33150291443 0.0826618075371 
-5.26426506042 2.33136749268 0.122778356075 
-5.27284574509 2.33083796501 0.167746752501 
-5.27311563492 2.32955288887 0.216202065349 
-5.26365041733 2.32745265961 0.266144067049 
-5.24381446838 2.32454943657 0.315260410309 
-5.21200466156 2.3208425045 0.358840376139 
-5.17051744461 2.31657171249 0.394766777754 
-5.12307405472 2.3119623661 0.425665676594 
-5.07031536102 2.30704069138 0.452465593815 
