-1.61647919212e-07 -2.49310861953e-07 0.195891132173 
0.0304977348137 -1.62590072351e-07 0.192555124901 
0.0605652549952 8.75178118604e-08 0.186400109566 
0.0893940620929 -1.93903053093e-08 0.17544561473 
0.115253771859 -2.9921117168e-07 0.15863332799 
0.136217023987 -2.19041214743e-07 0.13621697763 
0.151319206056 -1.82716765329e-10 0.10993984023 
0.158547104432 -2.89267848633e-07 0.0807838574098 
0.15790320917 5.20053081085e-08 0.0513058882558 
0.152923899088 -1.93244516895e-07 0.0242207636725 
0.146244256812 -3.91243646369e-08 4.81230890656e-09 
0.138557559354 -2.91119538511e-07 -0.0219453620005 
0.12976043229 -6.95714184075e-08 -0.0421617369505 
0.11980440504 -2.47182610491e-07 -0.0610434102337 
0.108557741513 -2.32353485723e-08 -0.0788718030835 
0.0958871979573 8.23148851858e-08 -0.0958871080123 
0.0816828256644 -2.62015545593e-07 -0.112426947652 
0.0656272412155 9.47396159891e-08 -0.128800806482 
0.0472206836638 -3.42989590854e-07 -0.14533068652 
0.0254970724715 1.72138881985e-08 -0.160981981661 
-1.79855604646e-07 -2.83735534275e-07 -0.174848178596 
-0.0294407500323 -2.76899602549e-07 -0.185880509504 
-0.0624507503318 -3.49592681172e-07 -0.192203534161 
-0.0973021901252 -1.12069377139e-07 -0.190966062763 
-0.131443533814 1.30330505346e-08 -0.18091658742 
-0.162632517386 -2.27212784594e-07 -0.162632299054 
-0.187640342179 -2.11853903684e-07 -0.136328639342 
-0.203814249645 -2.11521388516e-07 -0.103848502273 
-0.209739496084 -4.36709166954e-08 -0.068148482272 
-0.206564452754 -8.83589675663e-08 -0.0327165866951 
-0.197902101903 -1.57665739804e-07 -1.08766694777e-09 
-0.186748858649 -5.96316796844e-08 0.0295781146662 
-0.175121504627 -4.76428342333e-08 0.0569004201178 
-0.163383684389 -2.55553690973e-07 0.0832480479219 
-0.150839749921 -6.56992730844e-08 0.109591424705 
-0.135972023461 1.21064608893e-08 0.135972002016 
-0.116887438819 -1.21687667894e-07 0.160881868017 
-0.0923866848544 -1.55017235933e-07 0.181319106226 
-0.0628378445793 5.55680181383e-08 0.193394817229 
-0.031250797695 -2.77971789618e-07 0.197309741644 
