6.61442246135e-08 2.14573459899e-07 0.167265783286 
0.0257059467884 -8.0646534866e-08 0.162300265832 
0.050682165086 -1.43690973738e-08 0.155983697767 
0.0751844035656 3.97533150114e-08 0.147557685356 
0.0983779159876 -2.28103853903e-07 0.13540564198 
0.118018429401 -1.5352007432e-07 0.118018509129 
0.132625523882 -1.09302007896e-07 0.0963580382849 
0.143289083245 -1.68924531037e-07 0.0730094833953 
0.15224077293 1.68368605238e-07 0.0494660374291 
0.160245453264 -2.70999807442e-07 0.0253803503895 
0.166375971366 5.8065797677e-08 4.38659227431e-09 
0.169765897174 1.41977315155e-07 -0.0268882415738 
0.169832537911 8.80204562501e-08 -0.0551818670214 
0.166339234036 4.01517338822e-09 -0.0847540389379 
0.159107480051 -2.80920327882e-07 -0.115598518928 
0.147232453963 1.33729355298e-07 -0.147232479237 
0.130326475843 8.03868669789e-08 -0.179378661869 
0.106789078006 -1.82561440066e-07 -0.209585735069 
0.0762521205462 -9.71847043292e-08 -0.234679813515 
0.0401249127482 -3.02542858977e-08 -0.253339054092 
-1.24785562768e-08 6.64333889933e-08 -0.266025330911 
-0.0429012207626 -1.98447396254e-07 -0.270867444949 
-0.086062238946 -2.37816798768e-07 -0.264872006586 
-0.126566066925 -2.80626589917e-08 -0.248400136653 
-0.161455835433 -2.02013682289e-07 -0.222224976409 
-0.188958239053 1.70873715045e-07 -0.188958242776 
-0.207882229327 -1.01845261259e-07 -0.151035358659 
-0.217071040857 -1.85234100239e-07 -0.110603246244 
-0.21828559141 -4.64103215442e-08 -0.0709252913505 
-0.214624660162 5.49843252248e-08 -0.0339931987185 
-0.209849259274 1.27037284171e-07 2.9769862386e-08 
-0.202982641461 1.80484646117e-08 0.0321493098983 
-0.191947405845 -3.92413292902e-08 0.0623674770996 
-0.177791122125 -8.96323726837e-08 0.0905890452732 
-0.160841668634 -8.38738543896e-10 0.116858388444 
-0.140290981646 1.02290927971e-07 0.14029124135 
-0.114932092879 3.45606450472e-08 0.158190692872 
-0.0860432205154 -3.6577351252e-09 0.168869707011 
-0.0559239037404 -2.39516092206e-07 0.172116055872 
-0.0270370235197 3.72804606743e-08 0.170706273575 
