-5.03888750076 1.96401906013 0.391977846622 
-4.99371623993 1.96131634712 0.358883559704 
-4.95642662048 1.9591999054 0.327304750681 
-4.9246301651 1.95746994019 0.297608286142 
-4.90049743652 1.95646369457 0.263697564602 
-4.8860449791 1.9563318491 0.225926175714 
-4.88034248352 1.95689642429 0.188156098127 
-4.88121938705 1.95790874958 0.153206571937 
-4.886074543 1.95912468433 0.122447252274 
-4.89240407944 1.9603433609 0.0959356948733 
-4.89847135544 1.96145319939 0.0726831927896 
-4.90346002579 1.96243000031 0.0511843636632 
-4.90732192993 1.96331310272 0.029834439978 
-4.91094207764 1.96420788765 0.00733621558174 
-4.9156961441 1.96524345875 -0.0170338209718 
-4.92279052734 1.96652674675 -0.0436862930655 
-4.93464803696 1.96821022034 -0.0711134895682 
-4.95296287537 1.97034716606 -0.0963082760572 
-4.97750425339 1.97284758091 -0.116594165564 
-5.00681972504 1.97554540634 -0.130118951201 
-5.03888750076 1.97833502293 -0.138918608427 
-5.0731844902 1.98120427132 -0.144090235233 
-5.10976219177 1.98415625095 -0.14560316503 
-5.14810276031 1.98710346222 -0.141727909446 
-5.18617010117 1.98981654644 -0.129984021187 
-5.2216463089 1.99209833145 -0.10989331454 
-5.25219011307 1.9937762022 -0.0819647833705 
-5.27826595306 1.99495768547 -0.04881266132 
-5.2999958992 1.9956818819 -0.0115321455523 
-5.31512308121 1.99577391148 0.0297030322254 
-5.31908321381 1.99490582943 0.0735852643847 
-5.31288814545 1.99323964119 0.117090761662 
-5.30117225647 1.99117684364 0.159006536007 
-5.28853082657 1.98903632164 0.201074898243 
-5.27536153793 1.98678267002 0.245780229568 
-5.25683784485 1.98406171799 0.292011678219 
-5.2314696312 1.98076987267 0.339205026627 
-5.19510602951 1.97675490379 0.380772680044 
-5.14703273773 1.97222185135 0.4069840312 
-5.09253692627 1.96772825718 0.41277641058 
