-4.20446014404 2.30192804337 0.467404037714 
-4.14596509933 2.30698895454 0.452445626259 
-4.09318494797 2.3119161129 0.425631701946 
-4.0457239151 2.31653141975 0.394714683294 
-4.0042309761 2.32080793381 0.358758628368 
-3.97242832184 2.32452106476 0.315145254135 
-3.95261406898 2.32742977142 0.26599624753 
-3.94317293167 2.3295352459 0.216033026576 
-3.94347381592 2.33082461357 0.167564570904 
-3.95208692551 2.33135771751 0.1225932464 
-3.96398329735 2.33149790764 0.082484036684 
-3.97515940666 2.33159589767 0.046040892601 
-3.98855638504 2.33144974709 0.0120838629082 
-4.00847482681 2.33067297935 -0.0177501067519 
-4.03254938126 2.32943868637 -0.0429126955569 
-4.05938959122 2.32785224915 -0.0631970986724 
-4.08922386169 2.32584762573 -0.0768377408385 
-4.11993455887 2.32360291481 -0.0842062607408 
-4.14893007278 2.32143306732 -0.089295938611 
-4.176841259 2.31930780411 -0.0928391739726 
-4.20446014404 2.31713938713 -0.0939363837242 
-4.23178243637 2.31488728523 -0.091081418097 
-4.25809335709 2.31259274483 -0.0836766287684 
-4.28247785568 2.310328722 -0.0717482566833 
-4.30386161804 2.30818510056 -0.0554446019232 
-4.32168388367 2.30623531342 -0.0358380749822 
-4.33626890182 2.30449223518 -0.0143504757434 
-4.34804105759 2.30294156075 0.00829390715808 
-4.35792064667 2.3015229702 0.0316334478557 
-4.36684513092 2.30015707016 0.0558247230947 
-4.37564897537 2.29875802994 0.0815968513489 
-4.38526344299 2.29721522331 0.110292553902 
-4.39650821686 2.29540348053 0.144126296043 
-4.40757799149 2.29340624809 0.185310661793 
-4.41313171387 2.2916572094 0.233548209071 
-4.40853023529 2.29059767723 0.286165952682 
-4.39065647125 2.29060029984 0.33855754137 
-4.36032962799 2.2916636467 0.388394773006 
-4.31802797318 2.29384279251 0.432222604752 
-4.26432228088 2.29734134674 0.460848212242 
