-4.60815143585 3.84830379486 0.566362380981 
-4.58467388153 3.84830307961 0.566217660904 
-4.56111240387 3.84830069542 0.565789818764 
-4.5374546051 3.84829473495 0.564606428146 
-4.51374053955 3.84828329086 0.562412858009 
-4.49007701874 3.84826540947 0.558904826641 
-4.4664888382 3.84824132919 0.554237663746 
-4.44308137894 3.8482105732 0.548267006874 
-4.4197010994 3.84817576408 0.541510760784 
-4.39609241486 3.84813928604 0.534434437752 
-4.37208223343 3.84810161591 0.527128994465 
-4.34777259827 3.84806060791 0.519193768501 
-4.32330560684 3.84801483154 0.510301947594 
-4.29891014099 3.84796237946 0.500126898289 
-4.2745847702 3.84790372849 0.488708764315 
-4.25054788589 3.84783744812 0.475849509239 
-4.22739839554 3.84776139259 0.461077719927 
-4.20611476898 3.84767246246 0.443809270859 
-4.18635416031 3.84757399559 0.424700051546 
-4.16776275635 3.84746861458 0.40423861146 
-4.15008449554 3.84735751152 0.382712095976 
-4.13319540024 3.84724211693 0.360249698162 
-4.11669445038 3.84712266922 0.337058454752 
-4.10058641434 3.8469991684 0.31308400631 
-4.08623981476 3.84686899185 0.287827759981 
-4.07396793365 3.84673285484 0.26138278842 
-4.06345129013 3.84659194946 0.234028697014 
-4.0544052124 3.84644722939 0.205954298377 
-4.04689407349 3.84629940987 0.177240401506 
-4.04116153717 3.84614872932 0.147964939475 
-4.03718137741 3.8459956646 0.118250660598 
-4.03568124771 3.84584116936 0.0882491767406 
-4.03763437271 3.84568691254 0.0582877062261 
-4.04388618469 3.84553551674 0.0288810376078 
-4.05299091339 3.84538793564 0.000249272532528 
-4.06384754181 3.84524464607 -0.0275931935757 
-4.07563829422 3.84510469437 -0.054771091789 
-4.0882153511 3.8449678421 -0.0813313797116 
-4.10152482986 3.84483385086 -0.107311107218 
-4.11550045013 3.84470295906 -0.132764279842 
-4.13056182861 3.84457564354 -0.157482087612 
-4.14755010605 3.84445524216 -0.180863469839 
-4.16685390472 3.84434437752 -0.202366366982 
-4.18860960007 3.84424614906 -0.221483200788 
-4.21220207214 3.84415960312 -0.238258853555 
-4.23723554611 3.84408545494 -0.252660065889 
-4.26339244843 3.84402394295 -0.264637947083 
-4.29045009613 3.84397530556 -0.274072378874 
-4.31811666489 3.84394001961 -0.280942738056 
-4.3459405899 3.84391641617 -0.285512924194 
-4.37377643585 3.84390521049 -0.287693142891 
-4.40161323547 3.84390830994 -0.287097901106 
-4.42920255661 3.84392595291 -0.283669173717 
-4.45621871948 3.84395742416 -0.277541726828 
-4.48225069046 3.84400010109 -0.26922622323 
-4.5067152977 3.84404611588 -0.260308414698 
-4.52959012985 3.8440926075 -0.251345425844 
-4.55095052719 3.84413599968 -0.242895305157 
-4.57098388672 3.84417462349 -0.235371097922 
-4.58991956711 3.84420418739 -0.229627162218 
-4.60815143585 3.84421730042 -0.227111533284 
-4.6263833046 3.84420418739 -0.229627102613 
-4.64531898499 3.84417462349 -0.235371023417 
-4.66535186768 3.84413599968 -0.24289521575 
-4.68671226501 3.84409236908 -0.251345306635 
-4.70958709717 3.84404635429 -0.260308295488 
-4.73405170441 3.84400033951 -0.269226133823 
-4.76008367538 3.84395766258 -0.277541637421 
-4.78709983826 3.84392595291 -0.283669084311 
-4.81468963623 3.84390807152 -0.287097811699 
-4.84252595901 3.84390544891 -0.287693053484 
-4.87036180496 3.84391665459 -0.28551286459 
-4.89818620682 3.84394001961 -0.280942708254 
-4.92585229874 3.84397554398 -0.274072349072 
-4.95291042328 3.84402394295 -0.26463791728 
-4.97906684875 3.84408569336 -0.252660065889 
-5.00410032272 3.84415984154 -0.238258853555 
-5.02769327164 3.84424638748 -0.221483200788 
-5.04944849014 3.84434485435 -0.202366366982 
-5.06875276566 3.84445548058 -0.18086348474 
-5.08574104309 3.84457612038 -0.157482117414 
-5.10080242157 3.8447034359 -0.132764309645 
-5.11477804184 3.8448343277 -0.10731112957 
-5.1280875206 3.84496808052 -0.0813314393163 
-5.14066457748 3.84510493279 -0.054771117866 
-5.1524553299 3.84524512291 -0.0275932215154 
-5.16331148148 3.84538841248 0.000249255215749 
-5.17241668701 3.84553575516 0.0288810245693 
-5.17866849899 3.84568738937 0.0582876987755 
-5.18062162399 3.84584164619 0.0882491692901 
-5.17912149429 3.84599614143 0.118250660598 
-5.17514133453 3.84614920616 0.147964939475 
-5.16940879822 3.84630012512 0.177240416408 
-5.1618976593 3.84644794464 0.205954298377 
-5.15285158157 3.8465924263 0.234028726816 
-5.14233493805 3.84673333168 0.261382818222 
-5.13006305695 3.84686946869 0.287827759981 
-5.11571645737 3.84699940681 0.31308400631 
-5.09960842133 3.84712290764 0.337058484554 
-5.08310747147 3.84724235535 0.360249787569 
-5.06621837616 3.84735798836 0.382712215185 
-5.04854011536 3.847468853 0.404238730669 
-5.0299487114 3.84757423401 0.424700140953 
-5.01018810272 3.84767270088 0.44380941987 
-4.98890447617 3.84776163101 0.461077839136 
-4.96575498581 3.84783768654 0.475849598646 
-4.94171762466 3.8479039669 0.488708853722 
-4.91739273071 3.84796285629 0.500127017498 
-4.89299726486 3.84801506996 0.510302066803 
-4.86853027344 3.84806084633 0.519193828106 
-4.84422063828 3.84810185432 0.52712905407 
-4.82021045685 3.84813928604 0.534434497356 
-4.79660129547 3.84817576408 0.541510820389 
-4.77322149277 3.8482105732 0.548267066479 
-4.74981403351 3.84824132919 0.554237663746 
-4.72622585297 3.84826540947 0.558904826641 
-4.70256233215 3.84828352928 0.562412917614 
-4.6788482666 3.84829473495 0.564606428146 
-4.65519046783 3.84830093384 0.565789818764 
-4.63162851334 3.84830307961 0.566217720509 
