1.97551200982e-07 7.60623379724e-08 0.183514026374 
0.0323596818465 5.34606266595e-08 0.204309264383 
0.0693232259607 2.88230643623e-08 0.21335396611 
0.106976067022 4.68686046718e-08 0.209952264958 
0.140232684358 1.25479659285e-08 0.193013209632 
0.16480019225 7.11365949488e-08 0.164799889886 
0.182416157557 4.74784195032e-09 0.132532837684 
0.196361078102 6.91165742955e-09 0.100050848836 
0.20826920753 -2.63270136924e-08 0.067670712722 
0.218252727055 2.53392221927e-08 0.0345677737598 
0.225617074695 7.83578533101e-08 -9.53126793067e-10 
0.228549792411 -3.09765972335e-08 -0.0361986809344 
0.22608991581 5.54318354083e-08 -0.0734609716659 
0.218041533826 -2.99593447793e-08 -0.111097545263 
0.205153044448 7.69470228854e-08 -0.149052236268 
0.185949688227 5.90937282354e-08 -0.185949508167 
0.159603216378 -3.73931648926e-08 -0.219674515046 
0.125897193552 -2.06784508518e-08 -0.247086580912 
0.0858433123071 4.91716259164e-08 -0.264197194331 
0.043600763168 5.10672661087e-08 -0.27528372997 
1.980694654e-07 8.25754718961e-08 -0.279337365666 
-0.0431368628352 -2.46744843399e-08 -0.272357851886 
-0.0825260859065 3.6790276884e-08 -0.253989591944 
-0.116073300961 2.33214951847e-08 -0.227807411856 
-0.144202307409 1.01824649546e-07 -0.198478118774 
-0.166376423142 2.41768030483e-08 -0.16637646429 
-0.181028101954 -4.28749413741e-08 -0.131524961872 
-0.187159505136 6.83985663498e-08 -0.0953626181703 
-0.185662289885 5.41039153036e-08 -0.0603254095061 
-0.175414732506 5.5217344733e-09 -0.0277830295397 
-0.158709048797 2.50087717297e-08 -4.12970336449e-10 
-0.142071763895 9.94310016614e-08 0.0225019690625 
-0.127655441241 2.87074011611e-08 0.0414777930197 
-0.114670319179 1.25150566976e-08 0.0584276826733 
-0.102224765966 3.4839373486e-08 0.0742707060801 
-0.0896825889015 3.68538860163e-08 0.0896828474425 
-0.0765032543896 8.13620181297e-08 0.105297839175 
-0.0620261778194 6.39491804576e-08 0.121733754201 
-0.0453965523445 6.3895881934e-08 0.139717374521 
-0.0253788231646 -1.27932212434e-08 0.16023850101 
