-4.60815095901 4.53375101089 0.59452021122 
-4.58298063278 4.53375291824 0.594833731651 
-4.55761766434 4.53375530243 0.595348358154 
-4.53197574615 4.53375673294 0.595506131649 
-4.50614547729 4.53375101089 0.594453513622 
-4.48039340973 4.53373384476 0.591352820396 
-4.45505809784 4.53370285034 0.58572769165 
-4.43028783798 4.533659935 0.577904760838 
-4.40616083145 4.53360700607 0.568233370781 
-4.38258075714 4.53354692459 0.557263016701 
-4.35962677002 4.53348016739 0.54501336813 
-4.33746290207 4.53340530396 0.531379759312 
-4.31580352783 4.53332614899 0.516938447952 
-4.29419517517 4.53324604034 0.502260267735 
-4.27215719223 4.5331659317 0.48771622777 
-4.2496509552 4.53308582306 0.473057687283 
-4.22746086121 4.53299951553 0.457332789898 
-4.20660924911 4.53290319443 0.43972030282 
-4.18726301193 4.53279733658 0.420351326466 
-4.16941833496 4.53268289566 0.399474978447 
-4.15302848816 4.53256130219 0.377324104309 
-4.13830852509 4.53243350983 0.35395616293 
-4.12510824203 4.53230047226 0.329624384642 
-4.11321544647 4.53216266632 0.304548144341 
-4.10247707367 4.53202199936 0.278864085674 
-4.09272909164 4.53187894821 0.2526679039 
-4.08452320099 4.53173208237 0.225861936808 
-4.07799005508 4.5315823555 0.198531091213 
-4.07334184647 4.53143024445 0.170772999525 
-4.06944084167 4.53127717972 0.142795324326 
-4.0646905899 4.53112268448 0.114563137293 
-4.05836009979 4.53096485138 0.0857502445579 
-4.05229759216 4.53080272675 0.0561414994299 
-4.05025053024 4.53063869476 0.0262017287314 
-4.05379295349 4.53047704697 -0.00326753221452 
-4.06116199493 4.5303196907 -0.0319999456406 
-4.07080030441 4.53016614914 -0.0600299611688 
-4.08333969116 4.53001928329 -0.0868900120258 
-4.09951496124 4.52988243103 -0.111892685294 
-4.11957931519 4.52975940704 -0.13437269628 
-4.14290142059 4.52965164185 -0.15404471755 
-4.1685218811 4.52955913544 -0.17093116045 
-4.19520759583 4.52947950363 -0.185453057289 
-4.22212171555 4.52941036224 -0.198032617569 
-4.2493929863 4.52935361862 -0.208459049463 
-4.27702856064 4.52930927277 -0.21655407548 
-4.30473136902 4.52927684784 -0.22241319716 
-4.33228778839 4.52925682068 -0.226094469428 
-4.35933160782 4.52924728394 -0.227902278304 
-4.38568067551 4.5292468071 -0.22800566256 
-4.41079998016 4.5292506218 -0.227253645658 
-4.43435382843 4.52925443649 -0.226527363062 
-4.45662355423 4.52925872803 -0.225768014789 
-4.47815179825 4.52926778793 -0.224090695381 
-4.4993057251 4.52928829193 -0.220422968268 
-4.51999044418 4.52932071686 -0.21445196867 
-4.54000902176 4.52936697006 -0.206014633179 
-4.55899524689 4.52942276001 -0.195788547397 
-4.57664012909 4.52948093414 -0.185238301754 
-4.59287786484 4.52952671051 -0.176859095693 
-4.60815095901 4.52954292297 -0.173892900348 
-4.62342405319 4.52952671051 -0.176858589053 
-4.63966178894 4.52948093414 -0.185237586498 
-4.65730619431 4.52942276001 -0.19578781724 
-4.67629289627 4.52936697006 -0.206014037132 
-4.69631147385 4.52932071686 -0.214451551437 
-4.71699619293 4.52928829193 -0.220422744751 
-4.73814964294 4.52926826477 -0.224090605974 
-4.7596783638 4.52925872803 -0.225767984986 
-4.78194761276 4.52925491333 -0.226527377963 
-4.80550193787 4.5292506218 -0.22725366056 
-4.83062124252 4.5292468071 -0.228005707264 
-4.85697031021 4.52924728394 -0.227902397513 
-4.88401412964 4.52925729752 -0.226094648242 
-4.91157054901 4.52927732468 -0.222413435578 
-4.93927335739 4.52930927277 -0.216554388404 
-4.96690893173 4.52935361862 -0.208459407091 
-4.99418067932 4.52941083908 -0.1980330199 
-5.0210943222 4.52947950363 -0.185453489423 
-5.0477809906 4.52955913544 -0.170931592584 
-5.07340097427 4.52965164185 -0.154045164585 
-5.09672307968 4.52975940704 -0.134373173118 
-5.11678743362 4.52988290787 -0.11189313978 
-5.13296318054 4.53001976013 -0.0868904367089 
-5.14550256729 4.53016662598 -0.0600303448737 
-5.15514135361 4.53032016754 -0.0320002660155 
-5.16250991821 4.53047800064 -0.00326779391617 
-5.16605234146 4.53063869476 0.0262015331537 
-5.16400527954 4.53080320358 0.0561413653195 
-5.15794324875 4.53096532822 0.0857501775026 
-5.1516122818 4.53112268448 0.114563137293 
-5.14686250687 4.53127765656 0.14279538393 
-5.14296102524 4.53143072128 0.170773133636 
-5.13831281662 4.53158283234 0.198531284928 
-5.13177967072 4.5317325592 0.225862175226 
-5.12357378006 4.53187942505 0.252668201923 
-5.11382579803 4.5320224762 0.2788644135 
-5.10308694839 4.53216314316 0.304548531771 
-5.09119462967 4.53230047226 0.329624801874 
-5.07799386978 4.53243398666 0.353956609964 
-5.06327390671 4.53256225586 0.377324581146 
-5.04688405991 4.5326833725 0.399475485086 
-5.02903938293 4.53279733658 0.420351833105 
-5.00969314575 4.53290367126 0.439720779657 
-4.98884153366 4.53299999237 0.457333266735 
-4.96665143967 4.5330862999 0.473058134317 
-4.9441447258 4.53316640854 0.487716674805 
-4.92210674286 4.53324604034 0.502260804176 
-4.9004983902 4.53332662582 0.516938924789 
-4.87883901596 4.53340530396 0.531380236149 
-4.85667562485 4.53348016739 0.545013904572 
-4.83372116089 4.53354740143 0.557263433933 
-4.81014108658 4.53360748291 0.568233788013 
-4.78601408005 4.533659935 0.577905118465 
-4.76124382019 4.53370285034 0.585727989674 
-4.73590803146 4.53373384476 0.59135299921 
-4.71015644073 4.53375101089 0.594453573227 
-4.68432569504 4.53375673294 0.595506131649 
-4.65868425369 4.53375577927 0.595348358154 
-4.63332128525 4.53375291824 0.594833731651 
