-4.24779605865 3.17259931564 0.527814984322 
-4.1859869957 3.18042135239 0.519188165665 
-4.12839698792 3.18749809265 0.496124476194 
-4.07670640945 3.19369077682 0.464083790779 
-4.03494310379 3.19844985008 0.42084518075 
-4.00199317932 3.20201516151 0.373237997293 
-3.97661662102 3.20458483696 0.324016779661 
-3.95723032951 3.20638155937 0.27461117506 
-3.94372987747 3.20741820335 0.224933192134 
-3.93494558334 3.20784902573 0.175270870328 
-3.93254804611 3.20745491982 0.125313445926 
-3.9370174408 3.20618319511 0.0756992250681 
-3.94996571541 3.20384573936 0.0277879554778 
-3.97004103661 3.20063209534 -0.0172915961593 
-3.9950978756 3.1968164444 -0.0596607960761 
-4.02642202377 3.19225645065 -0.0976892858744 
-4.06363582611 3.1870200634 -0.129983156919 
-4.10565137863 3.18126034737 -0.15561440587 
-4.15103769302 3.17516207695 -0.174501940608 
-4.1990685463 3.16885113716 -0.184356346726 
-4.24779605865 3.16256761551 -0.185874789953 
-4.296397686 3.15635681152 -0.183380335569 
-4.34502363205 3.15021705627 -0.175607457757 
-4.39264297485 3.1443104744 -0.160442844033 
-4.4376540184 3.13885235786 -0.137214332819 
-4.47689247131 3.13426756859 -0.10466068238 
-4.50735569 3.13092756271 -0.0637612491846 
-4.52808427811 3.1289126873 -0.0175850018859 
-4.53945684433 3.12813234329 0.0308734253049 
-4.54333496094 3.12831354141 0.0792275220156 
-4.54248428345 3.12908625603 0.126415014267 
-4.54017877579 3.13003873825 0.173095867038 
-4.53590250015 3.13125824928 0.220775038004 
-4.52781534195 3.13299274445 0.270224332809 
-4.51344442368 3.13555240631 0.320935040712 
-4.48914289474 3.13935995102 0.369626194239 
-4.45508766174 3.14435839653 0.413886904716 
-4.41284179688 3.15033364296 0.452732980251 
-4.36409807205 3.15707874298 0.486940890551 
-4.30895423889 3.16456341743 0.515267431736 
