-4.60815143585 3.38638663292 0.530528962612 
-4.58670759201 3.38638281822 0.529793381691 
-4.56538009644 3.38637137413 0.527565479279 
-4.54439496994 3.38634896278 0.523165583611 
-4.52413749695 3.38631129265 0.515877902508 
-4.50488471985 3.38626050949 0.506020009518 
-4.48753738403 3.38618731499 0.491835534573 
-4.47192621231 3.38610339165 0.475502312183 
-4.45870447159 3.38600420952 0.456286966801 
-4.44504594803 3.38592410088 0.440736711025 
-4.42699289322 3.38589167595 0.434399813414 
-4.40071487427 3.38592076302 0.440048456192 
-4.36113405228 3.38602662086 0.460614532232 
-4.31534051895 3.38613772392 0.482215106487 
-4.26794147491 3.38622140884 0.498464971781 
-4.22645807266 3.38624119759 0.502316653728 
-4.19110250473 3.38620948792 0.496136248112 
-4.15972948074 3.38614559174 0.483748555183 
-4.13002443314 3.38606452942 0.468003451824 
-4.10228204727 3.38596725464 0.449139684439 
-4.07755374908 3.38585305214 0.426965266466 
-4.05559968948 3.3857254982 0.402163982391 
-4.03596591949 3.38558745384 0.375378608704 
-4.01848125458 3.38544130325 0.346978843212 
-4.00280284882 3.38528847694 0.317315638065 
-3.98888134956 3.38512992859 0.286559283733 
-3.97693824768 3.38496637344 0.254795312881 
-3.96752023697 3.38479804993 0.222093254328 
-3.96036124229 3.38462615013 0.188713178039 
-3.95651292801 3.38445138931 0.154779076576 
-3.95595479012 3.3842754364 0.120628595352 
-3.95833230019 3.38409996033 0.0865734815598 
-3.96437239647 3.38392686844 0.052965592593 
-3.97448897362 3.38375854492 0.0202676691115 
-3.98710560799 3.38359546661 -0.0113769927993 
-4.00132131577 3.38343811035 -0.0419688671827 
-4.01728773117 3.38328671455 -0.0713521316648 
-4.03556203842 3.38314342499 -0.0991649404168 
-4.0555934906 3.38300848007 -0.125382676721 
-4.07704305649 3.38288187981 -0.149981066585 
-4.09974050522 3.38276386261 -0.172898665071 
-4.12440538406 3.38265752792 -0.193515449762 
-4.15128183365 3.38256597519 -0.211301967502 
-4.18028688431 3.38249111176 -0.225844755769 
-4.21139287949 3.38243579865 -0.236609444022 
-4.24341440201 3.38239717484 -0.244103461504 
-4.27562427521 3.3823735714 -0.248675227165 
-4.30756807327 3.38236379623 -0.250556111336 
-4.33901500702 3.38236784935 -0.24980096519 
-4.36977910995 3.38238525391 -0.246427536011 
-4.40016460419 3.38242030144 -0.239610046148 
-4.42978668213 3.38247275352 -0.229426831007 
-4.45848703384 3.38254451752 -0.215518206358 
-4.48647499084 3.38264322281 -0.196345463395 
-4.5132856369 3.38277196884 -0.171334445477 
-4.53865432739 3.38293981552 -0.138734176755 
-4.56086587906 3.38313007355 -0.10182864219 
-4.57783269882 3.383289814 -0.0707922950387 
-4.59091329575 3.38343095779 -0.0433782376349 
-4.60028934479 3.38350296021 -0.0293888039887 
-4.60815143585 3.38352322578 -0.0254814792424 
-4.61601352692 3.38350296021 -0.0293886177242 
-4.62538957596 3.38343095779 -0.0433778129518 
-4.63846969604 3.383289814 -0.0707918405533 
-4.65543651581 3.38313007355 -0.101828165352 
-4.67764806747 3.38293981552 -0.138733789325 
-4.7030172348 3.38277220726 -0.17133423686 
-4.72982788086 3.38264322281 -0.196345344186 
-4.75781536102 3.38254451752 -0.215518161654 
-4.78651571274 3.38247275352 -0.229426831007 
-4.81613779068 3.38242053986 -0.239610090852 
-4.84652376175 3.38238549232 -0.246427610517 
-4.87728786469 3.38236784935 -0.249801069498 
-4.90873479843 3.38236403465 -0.250556230545 
-4.9406785965 3.38237380981 -0.248675361276 
-4.9728884697 3.38239741325 -0.244103580713 
-5.00490999222 3.38243603706 -0.236609593034 
-5.0360159874 3.38249158859 -0.225844874978 
-5.06502103806 3.38256645203 -0.211302101612 
-5.09189748764 3.38265800476 -0.193515568972 
-5.11656236649 3.38276410103 -0.172898799181 
-5.13925981522 3.38288235664 -0.149981155992 
-5.1607093811 3.38300895691 -0.125382751226 
-5.18074083328 3.38314390182 -0.0991650000215 
-5.19901514053 3.38328719139 -0.0713521763682 
-5.21498155594 3.38343858719 -0.0419688969851 
-5.2291970253 3.38359618187 -0.0113770160824 
-5.24181365967 3.38375902176 0.020267650485 
-5.25193071365 3.38392734528 0.0529655776918 
-5.2579703331 3.38410067558 0.0865734741092 
-5.26034784317 3.38427591324 0.120628595352 
-5.2597899437 3.38445186615 0.154779076576 
-5.25594139099 3.38462638855 0.18871319294 
-5.24878263474 3.38479852676 0.222093269229 
-5.23936462402 3.3849670887 0.254795312881 
-5.22742128372 3.38513040543 0.286559313536 
-5.21350002289 3.38528895378 0.317315667868 
-5.19782161713 3.38544154167 0.346978873014 
-5.18033695221 3.38558793068 0.375378668308 
-5.16070318222 3.38572573662 0.402164041996 
-5.13874912262 3.38585352898 0.426965296268 
-5.11402082443 3.38596773148 0.449139744043 
-5.08627843857 3.38606500626 0.468003481627 
-5.05657339096 3.38614606857 0.483748584986 
-5.02520036697 3.38620972633 0.496136248112 
-4.9898443222 3.38624167442 0.502316594124 
-4.94836139679 3.38622164726 0.498464852571 
-4.90096187592 3.38613796234 0.482214927673 
-4.85516881943 3.38602685928 0.460614323616 
-4.8155875206 3.38592100143 0.440048396587 
-4.78930950165 3.38589167595 0.434399873018 
-4.77125692368 3.38592433929 0.440736889839 
-4.75759840012 3.38600444794 0.456287235022 
-4.74437665939 3.38610339165 0.475502580404 
-4.72876548767 3.38618755341 0.491835743189 
-4.71141815186 3.38626050949 0.506020128727 
-4.69216537476 3.38631129265 0.515878021717 
-4.67190790176 3.38634896278 0.523165643215 
-4.65092277527 3.38637137413 0.527565538883 
-4.62959527969 3.38638305664 0.529793441296 
