-4.60815095901 4.63119697571 0.593337953091 
-4.58297538757 4.63120269775 0.594402909279 
-4.55747175217 4.63121271133 0.596202850342 
-4.53176546097 4.63121318817 0.59629958868 
-4.5060300827 4.63120317459 0.594462990761 
-4.48038482666 4.63118314743 0.590852022171 
-4.45492362976 4.6311545372 0.585607886314 
-4.4300160408 4.63111352921 0.578080177307 
-4.40608596802 4.63105726242 0.567867696285 
-4.38326692581 4.63098907471 0.555382549763 
-4.36117172241 4.63091468811 0.541803538799 
-4.33952188492 4.63083744049 0.527675509453 
-4.31796121597 4.6307592392 0.51343524456 
-4.29625701904 4.6306810379 0.499180406332 
-4.27425813675 4.63060283661 0.484849333763 
-4.25150728226 4.63052511215 0.470667779446 
-4.22811985016 4.63044595718 0.456205904484 
-4.20534896851 4.63035821915 0.440207004547 
-4.18446826935 4.63025760651 0.42184817791 
-4.16609668732 4.63014411926 0.401098549366 
-4.1497502327 4.63002109528 0.378683239222 
-4.13528871536 4.62989139557 0.354961276054 
-4.12195491791 4.62975740433 0.330494582653 
-4.10871982574 4.62962150574 0.305740267038 
-4.09531974792 4.62948417664 0.280655890703 
-4.08216190338 4.62934350967 0.254965662956 
-4.07031297684 4.62919807434 0.228348717093 
-4.06057310104 4.62904691696 0.200755938888 
-4.05196142197 4.62889194489 0.17248646915 
-4.04259634018 4.62873411179 0.143668487668 
-4.0334186554 4.62857198715 0.114029459655 
-4.02648830414 4.62840461731 0.0835462659597 
-4.02172231674 4.62823438644 0.0523942410946 
-4.01944351196 4.62806129456 0.0207888055593 
-4.01987695694 4.62788677216 -0.0110101411119 
-4.0224070549 4.62771224976 -0.0429177992046 
-4.02883291245 4.62754106522 -0.0741995498538 
-4.04030418396 4.62737798691 -0.103943139315 
-4.05699157715 4.6272277832 -0.131358861923 
-4.07797908783 4.62709236145 -0.156102493405 
-4.10253381729 4.62697315216 -0.177884191275 
-4.12926959991 4.62686872482 -0.196954935789 
-4.15730857849 4.62677812576 -0.213521704078 
-4.18587636948 4.62669897079 -0.22791646421 
-4.21458387375 4.62663125992 -0.240334630013 
-4.2434797287 4.62657499313 -0.250636190176 
-4.27255105972 4.62653064728 -0.258686244488 
-4.30150032043 4.62649822235 -0.264646679163 
-4.33005809784 4.626475811 -0.268726676702 
-4.3581199646 4.62646341324 -0.27097889781 
-4.38545084 4.62645959854 -0.271692454815 
-4.41199541092 4.62646341324 -0.270941644907 
-4.43769979477 4.62647533417 -0.268804728985 
-4.46260356903 4.62649536133 -0.265127956867 
-4.48667860031 4.62652444839 -0.259818375111 
-4.50995779037 4.62656497955 -0.252426952124 
-4.53231477737 4.62661790848 -0.242745250463 
-4.55346488953 4.62668132782 -0.231238394976 
-4.57317686081 4.62674951553 -0.21871972084 
-4.59126234055 4.62680721283 -0.208216905594 
-4.60815095901 4.62682962418 -0.204098954797 
-4.62503910065 4.62680721283 -0.20821633935 
-4.64312458038 4.62674999237 -0.218718931079 
-4.66283655167 4.62668132782 -0.231237649918 
-4.68398666382 4.62661790848 -0.242744639516 
-4.70634412766 4.62656497955 -0.252426505089 
-4.72962331772 4.62652444839 -0.259818077087 
-4.75369787216 4.62649536133 -0.265127748251 
-4.77860212326 4.62647533417 -0.26880466938 
-4.80430650711 4.62646389008 -0.270941644907 
-4.83085107803 4.62645959854 -0.27169251442 
-4.85818195343 4.62646341324 -0.270979046822 
-4.88624382019 4.626475811 -0.268726885319 
-4.9148015976 4.62649822235 -0.264646977186 
-4.94375085831 4.62653112411 -0.258686572313 
-4.97282218933 4.62657546997 -0.250636577606 
-5.00171852112 4.62663173676 -0.240335047245 
-5.03042602539 4.62669944763 -0.227916911244 
-5.05899381638 4.6267786026 -0.213522180915 
-5.08703279495 4.62686920166 -0.196955397725 
-5.11376857758 4.626973629 -0.177884683013 
-5.13832378387 4.62709283829 -0.156102970243 
-5.15931129456 4.62722826004 -0.13135933876 
-5.17599868774 4.62737846375 -0.1039435938 
-5.18746995926 4.62754154205 -0.0741999596357 
-5.19389629364 4.62771272659 -0.0429181493819 
-5.19642591476 4.62788724899 -0.0110104251653 
-5.19685935974 4.62806177139 0.0207885913551 
-5.1945810318 4.62823486328 0.052394092083 
-5.1898150444 4.62840509415 0.0835461914539 
-5.18288421631 4.62857198715 0.114029459655 
-5.17370700836 4.62873458862 0.143668547273 
-5.16434144974 4.62889242172 0.172486588359 
-5.15572977066 4.6290473938 0.200756132603 
-5.14598989487 4.62919807434 0.228348955512 
-5.13414096832 4.62934398651 0.254965960979 
-5.12098312378 4.62948465347 0.280656218529 
-5.10758304596 4.62962245941 0.305740654469 
-5.0943479538 4.62975788116 0.330494999886 
-5.08101415634 4.62989187241 0.354961723089 
-5.06655263901 4.63002157211 0.378683745861 
-5.05020570755 4.6301445961 0.401099056005 
-5.03183412552 4.63025808334 0.421848624945 
-5.01095342636 4.63035869598 0.44020742178 
-4.98818254471 4.63044595718 0.456206321716 
-4.96479511261 4.63052511215 0.470668196678 
-4.94204425812 4.63060283661 0.484849780798 
-4.92004489899 4.63068151474 0.499180883169 
-4.89834070206 4.6307592392 0.513435721397 
-4.87678003311 4.63083744049 0.527676045895 
-4.85513019562 4.63091468811 0.541804015636 
-4.83303499222 4.63098907471 0.555383086205 
-4.81021595001 4.63105773926 0.567868173122 
-4.78628587723 4.63111352921 0.578080534935 
-4.76137828827 4.6311545372 0.585608184338 
-4.73591709137 4.63118362427 0.590852200985 
-4.71027183533 4.63120317459 0.59446310997 
-4.68453598022 4.63121318817 0.596299648285 
-4.65883016586 4.63121271133 0.596202850342 
-4.63332653046 4.63120269775 0.59440279007 
