-4.60815048218 6.13131475449 0.532882630825 
-4.58590650558 6.13130044937 0.530247688293 
-4.56429624557 6.13126087189 0.523052334785 
-4.54327011108 6.13121938705 0.515443265438 
-4.52287244797 6.13117313385 0.507007837296 
-4.50355815887 6.13111352921 0.496150314808 
-4.48579645157 6.1310377121 0.482373923063 
-4.46998596191 6.13094711304 0.465737879276 
-4.45653486252 6.13084077835 0.446341723204 
-4.44612073898 6.13071727753 0.423808455467 
-4.44008207321 6.13056993484 0.39691105485 
-4.44406461716 6.13035964966 0.358478605747 
-4.47303915024 6.1299943924 0.291774362326 
-4.47669792175 6.12986469269 0.268140465021 
-4.4757027626 6.12978124619 0.252908289433 
-4.47252511978 6.12971830368 0.241435870528 
-4.46788740158 6.12966775894 0.232103779912 
-4.4621720314 6.12962341309 0.224021777511 
-4.45567560196 6.12958240509 0.216590240598 
-4.44857978821 6.12954330444 0.209437176585 
-4.44096040726 6.1295042038 0.202338322997 
-4.43306446075 6.12946414948 0.195021867752 
-4.42509317398 6.12942218781 0.187313526869 
-4.41710090637 6.12937736511 0.179148450494 
-4.409283638 6.1293296814 0.17042721808 
-4.40175247192 6.12927865982 0.16111575067 
-4.39469718933 6.12922430038 0.151182696223 
-4.3882393837 6.12916660309 0.140642464161 
-4.38238954544 6.12910556793 0.12954056263 
-4.37711858749 6.12904214859 0.117920175195 
-4.37212085724 6.12897586823 0.105812482536 
-4.3673324585 6.12890672684 0.0931919440627 
-4.36280250549 6.12883424759 0.0800257846713 
-4.3587141037 6.12875938416 0.0663062185049 
-4.3553853035 6.1286816597 0.0520864352584 
-4.35289335251 6.12860107422 0.0374176241457 
-4.35122394562 6.12851858139 0.022333316505 
-4.35043239594 6.12843418121 0.00688536511734 
-4.35065793991 6.12834787369 -0.00882893055677 
-4.35182857513 6.12826061249 -0.0247881487012 
-4.3539056778 6.12817192078 -0.0409736298025 
-4.35694217682 6.12808227539 -0.057321511209 
-4.36098003387 6.12799215317 -0.0737647339702 
-4.36614608765 6.12790250778 -0.0901557132602 
-4.37258434296 6.12781429291 -0.106289155781 
-4.38046646118 6.12772846222 -0.121867895126 
-4.38994932175 6.12764883041 -0.136520549655 
-4.40102529526 6.12757492065 -0.149962067604 
-4.41350698471 6.12750864029 -0.162087395787 
-4.42706727982 6.12744855881 -0.173026591539 
-4.44144487381 6.12739467621 -0.182925850153 
-4.45650243759 6.12734603882 -0.191809281707 
-4.47221374512 6.12730407715 -0.199501782656 
-4.48846101761 6.12726831436 -0.205984458327 
-4.50513792038 6.12723970413 -0.211222529411 
-4.52213144302 6.12721776962 -0.215209931135 
-4.53937673569 6.12720394135 -0.217738062143 
-4.55675363541 6.12719869614 -0.218687921762 
-4.57409238815 6.12720108032 -0.218223914504 
-4.59123897552 6.12720870972 -0.216872185469 
-4.60815048218 6.12721347809 -0.216016978025 
-4.62506198883 6.12720870972 -0.216872006655 
-4.6422085762 6.12720108032 -0.218223780394 
-4.65954685211 6.12719869614 -0.218687921762 
-4.67692422867 6.12720394135 -0.217738240957 
-4.69416952133 6.12721776962 -0.215210303664 
-4.71116304398 6.12723970413 -0.211223036051 
-4.72783994675 6.12726831436 -0.205985084176 
-4.74408721924 6.12730407715 -0.199502542615 
-4.7597990036 6.12734603882 -0.191810160875 
-4.77485656738 6.12739467621 -0.182926788926 
-4.78923416138 6.12744903564 -0.17302761972 
-4.80279493332 6.12750864029 -0.162088483572 
-4.81527662277 6.12757539749 -0.149963244796 
-4.82635259628 6.12764883041 -0.136521786451 
-4.83583545685 6.12772893906 -0.121869198978 
-4.84371805191 6.12781429291 -0.106290489435 
-4.85015630722 6.12790250778 -0.0901570096612 
-4.85532283783 6.12799263 -0.0737659931183 
-4.85936021805 6.12808275223 -0.0573226958513 
-4.86239719391 6.12817192078 -0.0409747436643 
-4.86447429657 6.12826061249 -0.0247891638428 
-4.86564493179 6.12834835052 -0.00882984418422 
-4.86587047577 6.12843418121 0.00688454601914 
-4.86507892609 6.12851858139 0.0223326031119 
-4.8634095192 6.12860155106 0.0374170280993 
-4.86091756821 6.1286816597 0.0520859621465 
-4.85758924484 6.12875986099 0.0663058683276 
-4.85350036621 6.12883472443 0.0800255462527 
-4.84897041321 6.12890672684 0.0931918248534 
-4.84418201447 6.12897586823 0.105812482536 
-4.83918428421 6.12904214859 0.117920294404 
-4.83391332626 6.12910604477 0.129540771246 
-4.82806348801 6.12916660309 0.140642791986 
-4.82160568237 6.12922430038 0.151183098555 
-4.81454992294 6.12927865982 0.161116227508 
-4.80701875687 6.1293296814 0.170427754521 
-4.79920148849 6.12937736511 0.179149061441 
-4.79120922089 6.12942218781 0.187314197421 
-4.78323793411 6.12946462631 0.195022583008 
-4.77534198761 6.12950468063 0.20233912766 
-4.76772212982 6.12954330444 0.20943801105 
-4.76062631607 6.12958240509 0.216591179371 
-4.75413036346 6.12962341309 0.224022895098 
-4.74841451645 6.12966775894 0.232105091214 
-4.74377727509 6.12971878052 0.241437509656 
-4.7406001091 6.12978124619 0.25291031599 
-4.73960542679 6.12986469269 0.268143385649 
-4.74326515198 6.1299943924 0.291779190302 
-4.77224063873 6.13035964966 0.358485460281 
-4.77622079849 6.13057041168 0.396914303303 
-4.77018117905 6.13071775436 0.423811018467 
-4.75976705551 6.13084077835 0.446343839169 
-4.74631547928 6.13094711304 0.465739667416 
-4.73050498962 6.13103818893 0.482375383377 
-4.71274280548 6.13111352921 0.496151536703 
-4.69342851639 6.13117313385 0.507008731365 
-4.67303085327 6.13121938705 0.515444040298 
-4.65200471878 6.13126087189 0.523053050041 
-4.63039445877 6.13130044937 0.530248165131 
