-4.60815143585 3.92230916023 0.572941303253 
-4.58430624008 3.92230892181 0.572892248631 
-4.5603685379 3.92230701447 0.572528660297 
-4.53633165359 3.92230033875 0.571354985237 
-4.51232481003 3.92228603363 0.568733334541 
-4.48842906952 3.92226409912 0.564713954926 
-4.46470737457 3.92223477364 0.559379398823 
-4.44116449356 3.92219948769 0.552920401096 
-4.41774988174 3.92215919495 0.54555362463 
-4.39426326752 3.92211604118 0.537683963776 
-4.37051820755 3.92207121849 0.529497146606 
-4.34626865387 3.92202544212 0.521169126034 
-4.32153940201 3.92197751999 0.512392342091 
-4.29647922516 3.92192482948 0.502788305283 
-4.27108240128 3.92186713219 0.492258489132 
-4.24582910538 3.92180132866 0.480227738619 
-4.22125959396 3.9217247963 0.46626457572 
-4.1979842186 3.92163610458 0.450052678585 
-4.17653417587 3.92153429985 0.431494414806 
-4.15721988678 3.92142057419 0.410744786263 
-4.14057779312 3.92129540443 0.387860566378 
-4.12712287903 3.92115902901 0.363003432751 
-4.11634731293 3.92101597786 0.336872905493 
-4.10787010193 3.9208688736 0.309948116541 
-4.10085391998 3.92071962357 0.282739430666 
-4.09386205673 3.92057156563 0.255712300539 
-4.08622741699 3.92042469978 0.228847667575 
-4.07779550552 3.92027711868 0.201909780502 
-4.06932401657 3.9201271534 0.174543172121 
-4.06228017807 3.91997361183 0.146518424153 
-4.05745077133 3.91981697083 0.117910958827 
-4.05515003204 3.91965818405 0.0889298170805 
-4.05620336533 3.91949939728 0.0598997548223 
-4.06119728088 3.91934275627 0.0312832221389 
-4.06955432892 3.91918992996 0.00343038327992 
-4.07998895645 3.91904211044 -0.0236075762659 
-4.09224128723 3.9188990593 -0.0497158691287 
-4.10615491867 3.91876173019 -0.0747844576836 
-4.12133789062 3.91863012314 -0.09882902354 
-4.13767957687 3.91850423813 -0.121802695096 
-4.15529680252 3.91838526726 -0.143540725112 
-4.17426013947 3.91827392578 -0.163857087493 
-4.19502353668 3.91817331314 -0.182239532471 
-4.21730136871 3.91808366776 -0.198588520288 
-4.24076843262 3.91800546646 -0.212877258658 
-4.26537847519 3.91793990135 -0.224856719375 
-4.2911863327 3.91788935661 -0.234108939767 
-4.31762695312 3.91785216331 -0.240851432085 
-4.34396362305 3.91782569885 -0.245707109571 
-4.36980295181 3.9178071022 -0.249108150601 
-4.39507865906 3.91779613495 -0.251136243343 
-4.419962883 3.91779446602 -0.251423805952 
-4.44454622269 3.91780471802 -0.249547153711 
-4.46845769882 3.91782426834 -0.245998188853 
-4.49142408371 3.91784977913 -0.241333752871 
-4.51341915131 3.91788101196 -0.235628500581 
-4.53448915482 3.91791939735 -0.228638097644 
-4.55453109741 3.91796326637 -0.220629781485 
-4.57349634171 3.91801142693 -0.211803227663 
-4.59130525589 3.91805672646 -0.203529670835 
-4.60815143585 3.91807985306 -0.199336841702 
-4.62499761581 3.91805696487 -0.203529581428 
-4.64280605316 3.91801142693 -0.211803123355 
-4.66177177429 3.91796302795 -0.220629662275 
-4.68181371689 3.91791939735 -0.228637993336 
-4.70288324356 3.91788101196 -0.235628411174 
-4.72487878799 3.91785001755 -0.241333693266 
-4.74784517288 3.91782426834 -0.245998114347 
-4.77175664902 3.91780471802 -0.249547064304 
-4.79633951187 3.91779470444 -0.251423716545 
-4.82122421265 3.91779613495 -0.251136183739 
-4.84649991989 3.91780734062 -0.249108061194 
-4.87233924866 3.91782593727 -0.245707035065 
-4.89867591858 3.91785264015 -0.240851357579 
-4.92511606216 3.91788959503 -0.234108865261 
-4.95092391968 3.91794013977 -0.224856674671 
-4.97553443909 3.91800570488 -0.212877228856 
-4.99900150299 3.91808414459 -0.198588490486 
-5.02127933502 3.91817355156 -0.18223951757 
-5.04204273224 3.9182741642 -0.163857087493 
-5.06100559235 3.91838550568 -0.143540725112 
-5.07862281799 3.91850447655 -0.121802702546 
-5.09496450424 3.91863036156 -0.0988290458918 
-5.1101474762 3.91876220703 -0.0747844800353 
-5.12406158447 3.91889929771 -0.049715898931 
-5.13631391525 3.91904234886 -0.0236075948924 
-5.14674806595 3.9191904068 0.00343036372215 
-5.15510559082 3.91934299469 0.0312832035124 
-5.16009950638 3.9194996357 0.0598997361958 
-5.16115283966 3.91965866089 0.0889298096299 
-5.15885210037 3.91981744766 0.117910958827 
-5.15402269363 3.91997408867 0.146518424153 
-5.14697885513 3.92012763023 0.174543172121 
-5.13850688934 3.9202773571 0.201909795403 
-5.13007545471 3.9204249382 0.228847697377 
-5.12244081497 3.92057204247 0.255712330341 
-5.11544895172 3.9207201004 0.282739490271 
-5.10843276978 3.92086911201 0.309948205948 
-5.09995555878 3.9210164547 0.3368729949 
-5.08917999268 3.92115974426 0.36300355196 
-5.07572507858 3.92129588127 0.387860685587 
-5.05908298492 3.92142105103 0.410744875669 
-5.03976869583 3.92153477669 0.431494534016 
-5.01831865311 3.921636343 0.450052797794 
-4.99504327774 3.92172503471 0.466264665127 
-4.97047376633 3.92180156708 0.480227798223 
-4.94522047043 3.92186737061 0.492258578539 
-4.91982364655 3.9219250679 0.502788364887 
-4.89476299286 3.92197775841 0.512392401695 
-4.87003421783 3.92202568054 0.521169126034 
-4.84578418732 3.92207145691 0.529497206211 
-4.82203960419 3.9221162796 0.53768402338 
-4.79855298996 3.92215919495 0.545553684235 
-4.77513837814 3.9221997261 0.552920401096 
-4.75159549713 3.92223501205 0.559379458427 
-4.72787380219 3.92226433754 0.56471401453 
-4.70397806168 3.92228627205 0.568733394146 
-4.67997074127 3.92230057716 0.571355044842 
-4.6559343338 3.92230701447 0.572528660297 
-4.63199615479 3.92230892181 0.572892248631 
