-5.08910608292 2.33588433266 0.448537826538 
-5.03780651093 2.32912540436 0.468460679054 
-4.98263216019 2.32156133652 0.472427219152 
-4.92988157272 2.31400895119 0.457210212946 
-4.88468360901 2.30722928047 0.425892055035 
-4.84917593002 2.3016140461 0.384153217077 
-4.82287168503 2.29718494415 0.337279170752 
-4.80701589584 2.29414629936 0.287151783705 
-4.80287504196 2.292709589 0.235956028104 
-4.80851173401 2.29266190529 0.186927378178 
-4.82079792023 2.29360365868 0.142040416598 
-4.83461761475 2.2948281765 0.101323403418 
-4.84792232513 2.29601955414 0.0628773272038 
-4.86226844788 2.29736948013 0.0252809412777 
-4.87993574142 2.29919242859 -0.0114929480478 
-4.90408658981 2.30196881294 -0.0449072271585 
-4.93563556671 2.30588436127 -0.0714414715767 
-4.97324943542 2.31081008911 -0.0878277793527 
-5.01335382462 2.31625723839 -0.093735344708 
-5.05251646042 2.32170820236 -0.0916822552681 
-5.08910608292 2.32686591148 -0.0859290212393 
-5.12353754044 2.33176016808 -0.0780952721834 
-5.15513086319 2.33637022972 -0.0638483688235 
-5.18217992783 2.34046006203 -0.0431828871369 
-5.20467996597 2.34397292137 -0.0194200519472 
-5.22253322601 2.34687829018 0.00642527919263 
-5.23544120789 2.34912467003 0.0337577201426 
-5.24518060684 2.35092759132 0.0607809834182 
-5.25404834747 2.35259532928 0.0869343280792 
-5.26255369186 2.3542163372 0.113280832767 
-5.26993560791 2.35570478439 0.140992552042 
-5.27454662323 2.35684275627 0.170627951622 
-5.27543354034 2.3574962616 0.202088713646 
-5.27232027054 2.35762453079 0.235214188695 
-5.26449775696 2.35712337494 0.269629329443 
-5.25152492523 2.35592556 0.304976850748 
-5.23196649551 2.35380387306 0.339554935694 
-5.20489692688 2.35058259964 0.370526373386 
-5.17185783386 2.34648156166 0.398292899132 
-5.13348722458 2.34161114693 0.424149721861 
