-1.02410241985e-07 2.09714548546e-08 0.116118140037 
0.0183007986559 -1.43175077228e-07 0.11554654017 
0.0364283558405 -1.193415489e-08 0.112115240724 
0.053804138875 3.62852201567e-08 0.105596864959 
0.0698759366719 -5.34248121298e-08 0.0961758565101 
0.0845689925685 5.58746980281e-08 0.0845689595348 
0.0982010783038 -5.36653923487e-08 0.071347249743 
0.110882814153 7.58659201433e-08 0.056497587079 
0.122709771624 -1.50320470627e-07 0.0398708346855 
0.133260017195 -2.29749263541e-07 0.0211062741482 
0.141911571832 -1.00485391008e-07 -7.18958852999e-09 
0.148028577021 -5.22057712338e-08 -0.0234454689767 
0.150989232536 -1.96064981216e-07 -0.049059481857 
0.150293278521 1.56468659938e-07 -0.0765782318723 
0.145158590208 -1.17375472869e-07 -0.105463893739 
0.135281126077 -1.80672587412e-08 -0.135281329943 
0.120147845917 -1.96567253623e-07 -0.165369369614 
0.0993431873438 2.23685328298e-07 -0.19497181475 
0.0720344239473 -9.26490229675e-08 -0.221699718993 
0.0381808018108 2.31110156299e-08 -0.241064850591 
-5.36475871912e-08 1.15001028743e-07 -0.251934918514 
-0.039913231582 1.3452527629e-07 -0.252002122348 
-0.0778544464237 -1.46834206811e-07 -0.239610975583 
-0.1111609635 1.77172624766e-08 -0.218165839523 
-0.138507104477 1.30243302081e-07 -0.190638599621 
-0.159500913958 -1.15305061145e-07 -0.159500924921 
-0.17290765438 2.12019975396e-08 -0.125624802621 
-0.17838034689 -7.58984509963e-09 -0.0908893462449 
-0.176709540178 3.98356498274e-08 -0.0574163651709 
-0.170210684355 -2.32788997731e-08 -0.0269587202618 
-0.159781158696 1.61811418514e-07 2.9095239387e-08 
-0.147414216736 2.36743305078e-07 0.0233481488442 
-0.133321464786 2.55279266458e-07 0.0433188282702 
-0.118009496157 8.66382066124e-08 0.0601288780176 
-0.102408120277 2.18718488956e-07 0.0744038937072 
-0.0862990380822 3.83504901794e-08 0.0862989118005 
-0.0698262426732 -1.15465253747e-08 0.096107384076 
-0.0529189205031 -1.03129878632e-07 0.103859099681 
-0.0357229576925 1.81411000281e-07 0.109944382728 
-0.0180702592723 2.65044473003e-07 0.114091877299 
