1.3841179019e-07 3.62948276855e-07 0.18405531343 
0.0290795811679 1.39631102761e-07 0.183601031643 
0.0585470076107 2.37793080079e-07 0.180188861615 
0.0873135927229 6.83374728229e-08 0.171362254445 
0.11294166468 -7.95774811636e-08 0.155450970713 
0.134866372885 2.24909107394e-07 0.134866244404 
0.15280014637 7.88872237534e-08 0.111015832577 
0.165525619672 1.31920790236e-07 0.084339478742 
0.173464987848 3.85854540194e-07 0.0563622215189 
0.178358252055 1.83272123096e-07 0.0282491802532 
0.180783390073 6.58192858688e-08 2.581910682e-08 
0.180677762454 -8.66975301203e-08 -0.028616544021 
0.178032999344 1.58483705943e-07 -0.0578463199811 
0.173048550511 9.31239507243e-08 -0.0881725103514 
0.165182418082 1.94675266928e-07 -0.12001200964 
0.152735412546 6.31936895729e-08 -0.15273541946 
0.134074527064 3.67059076571e-08 -0.184537727307 
0.109278252487 2.46390717905e-07 -0.214470269722 
0.0778628578126 1.08657226452e-07 -0.239636659466 
0.040622178705 2.35189651747e-08 -0.256477457615 
1.08784035096e-07 3.05816746155e-07 -0.266345710986 
-0.0424880549143 -4.60846439343e-08 -0.268259111789 
-0.0841379942557 1.45547734819e-07 -0.258950529433 
-0.121245375324 2.27536290347e-07 -0.237957514388 
-0.151515724373 3.33021998006e-07 -0.208543696776 
-0.176705410505 1.12390986212e-07 -0.176705590749 
-0.197733470408 1.11171335124e-07 -0.143661840688 
-0.209954277289 9.84981462712e-08 -0.106977088373 
-0.210825292512 2.4323599232e-08 -0.0685013121702 
-0.205521413222 2.80913091955e-07 -0.0325513672365 
-0.201686578289 9.81122513025e-08 1.7288313088e-08 
-0.197633267089 1.6173252182e-07 0.0313020718415 
-0.189504681153 1.74601399928e-07 0.0615738354507 
-0.177984621158 1.01777747209e-07 0.0906878143096 
-0.164022594326 2.53578405468e-07 0.119169568397 
-0.146442052888 -9.63741436655e-09 0.146442193495 
-0.122080248122 -6.78186474617e-08 0.168029113672 
-0.0908461903389 -2.89238461758e-08 0.178295941113 
-0.0589508927582 4.32011568446e-08 0.181431999832 
-0.0289746122484 -2.94177967949e-08 0.182938121029 
