-5.1740937233 0.266163051128 0.31268620491 
-5.13384246826 0.263788640499 0.281935364008 
-5.1056599617 0.262723922729 0.23823608458 
-5.08760929108 0.262393802404 0.19720043242 
-5.07453155518 0.262237906456 0.16438151896 
-5.0626745224 0.261987626553 0.138667732477 
-5.05006408691 0.261560797691 0.117274828255 
-5.03651571274 0.261024415493 0.0971766114235 
-5.02406930923 0.260611921549 0.0757366344333 
-5.01600217819 0.260611385107 0.0519464090466 
-5.01396036148 0.261126101017 0.0268328227103 
-5.01668310165 0.262016803026 0.00183758046478 
-5.02164173126 0.263076484203 -0.0228237453848 
-5.02718544006 0.264202028513 -0.0482015162706 
-5.03353738785 0.265444546938 -0.0755307748914 
-5.04291343689 0.266976058483 -0.104652099311 
-5.05896472931 0.268990397453 -0.131974756718 
-5.08196210861 0.271423995495 -0.154344826937 
-5.11030626297 0.274097383022 -0.169826060534 
-5.14221334457 0.276769399643 -0.174739152193 
-5.1740937233 0.279060393572 -0.165602207184 
-5.20146560669 0.280712157488 -0.146066948771 
-5.22358942032 0.28191781044 -0.125476449728 
-5.24205875397 0.282874494791 -0.106440275908 
-5.2580947876 0.283669322729 -0.088584639132 
-5.27235889435 0.284334540367 -0.0711527690291 
-5.28510427475 0.284872025251 -0.0534652024508 
-5.29614019394 0.285250306129 -0.0349215753376 
-5.30491018295 0.285415649414 -0.0151668712497 
-5.3098449707 0.285240143538 0.00590641982853 
-5.30981397629 0.28465628624 0.0274673271924 
-5.30575227737 0.283769398928 0.0483696237206 
-5.30024719238 0.282786995173 0.0685511752963 
-5.29472255707 0.281793981791 0.0890702828765 
-5.28939914703 0.280767291784 0.111432157457 
-5.2841386795 0.279638528824 0.137765049934 
-5.2774605751 0.278235942125 0.170068189502 
-5.26647806168 0.276306718588 0.209195613861 
-5.24795675278 0.27358943224 0.255297005177 
-5.21723413467 0.269927710295 0.300409376621 
