-4.60815048218 5.58671712875 0.368342399597 
-4.59445524216 5.5867266655 0.370101153851 
-4.58024644852 5.58674955368 0.374272435904 
-4.56527233124 5.58677816391 0.379507124424 
-4.5495557785 5.58680534363 0.384451121092 
-4.53319263458 5.58682775497 0.388532727957 
-4.51628398895 5.58684396744 0.391520708799 
-4.49886274338 5.58685493469 0.393489211798 
-4.48096036911 5.5868601799 0.394459664822 
-4.46262216568 5.58685970306 0.394400984049 
-4.44382429123 5.58685398102 0.393407136202 
-4.4244890213 5.58684444427 0.39159938693 
-4.40438508987 5.58683156967 0.389244496822 
-4.38322734833 5.58681678772 0.386542797089 
-4.36062765121 5.58680105209 0.383687913418 
-4.33621931076 5.58678483963 0.38071718812 
-4.30960559845 5.58676767349 0.377596914768 
-4.28077602386 5.58674716949 0.373888611794 
-4.24996995926 5.58672094345 0.369019508362 
-4.21794652939 5.58668327332 0.362187504768 
-4.1858048439 5.58663082123 0.352627545595 
-4.1548166275 5.58656072617 0.339771568775 
-4.12687826157 5.58646917343 0.323062807322 
-4.10184383392 5.58635997772 0.303139895201 
-4.07797718048 5.58623886108 0.281051129103 
-4.0513753891 5.58611249924 0.257975190878 
-4.00712013245 5.5859951973 0.236540913582 
-3.92079043388 5.58589172363 0.217655450106 
-3.82973957062 5.58574342728 0.190602988005 
-3.75733542442 5.58553934097 0.153378605843 
-3.70286130905 5.58529520035 0.108789950609 
-3.65818357468 5.58502244949 0.0590050444007 
-3.63390922546 5.58473443985 0.0063946172595 
-3.62636709213 5.58444404602 -0.046706918627 
-3.63079166412 5.58415746689 -0.0989509522915 
-3.64814996719 5.58388662338 -0.148437544703 
-3.67562747002 5.58363580704 -0.194200545549 
-3.71211004257 5.58341169357 -0.235162615776 
-3.75061655045 5.58320426941 -0.273003011942 
-3.78937792778 5.58301067352 -0.308389186859 
-3.83276724815 5.58284378052 -0.338871032 
-3.88254594803 5.58271503448 -0.362416028976 
-3.93929338455 5.58263397217 -0.377155780792 
-3.99909639359 5.58259439468 -0.384404778481 
-4.05332326889 5.58255958557 -0.390771120787 
-4.09683799744 5.58249521255 -0.402514964342 
-4.1360783577 5.58242416382 -0.415491253138 
-4.17376470566 5.58235788345 -0.427623897791 
-4.21094322205 5.58230161667 -0.437910825014 
-4.2477684021 5.58225631714 -0.446141630411 
-4.28438711166 5.58222436905 -0.451976448298 
-4.32077217102 5.58220672607 -0.455212712288 
-4.35719680786 5.58220863342 -0.454852759838 
-4.39310789108 5.58222770691 -0.451406031847 
-4.42812871933 5.58226156235 -0.445251047611 
-4.4619307518 5.58230733871 -0.436900943518 
-4.4941649437 5.58235883713 -0.427462518215 
-4.52489566803 5.58241701126 -0.416852831841 
-4.55405664444 5.58247709274 -0.405869305134 
-4.58169269562 5.58253097534 -0.396049141884 
-4.60815048218 5.58255720139 -0.391207337379 
-4.63460826874 5.58253097534 -0.396048426628 
-4.66224384308 5.58247709274 -0.405868440866 
-4.69140529633 5.58241653442 -0.416851997375 
-4.72213602066 5.58235883713 -0.427461773157 
-4.75436973572 5.58230733871 -0.436900317669 
-4.78817176819 5.58226156235 -0.445250540972 
-4.82319259644 5.58222770691 -0.451405704021 
-4.85910415649 5.58220911026 -0.454852610826 
-4.8955283165 5.58220720291 -0.45521274209 
-4.93191385269 5.58222484589 -0.451976656914 
-4.96853303909 5.58225679398 -0.446141958237 
-5.00535821915 5.58230161667 -0.437911242247 
-5.04253673553 5.58235788345 -0.427624374628 
-5.0802230835 5.58242464066 -0.415491759777 
-5.11946344376 5.58249568939 -0.402515441179 
-5.16297769547 5.58256006241 -0.390771359205 
-5.21720409393 5.58259487152 -0.384404778481 
-5.2770075798 5.58263444901 -0.377155900002 
-5.33375501633 5.58271551132 -0.362416297197 
-5.38353443146 5.58284425735 -0.338871479034 
-5.42692375183 5.58301115036 -0.308389693499 
-5.46568536758 5.58320474625 -0.273003518581 
-5.50419187546 5.58341217041 -0.235163077712 
-5.54067468643 5.58363676071 -0.194200962782 
-5.56815242767 5.58388710022 -0.148437947035 
-5.58551073074 5.58415842056 -0.0989512875676 
-5.58993530273 5.58444452286 -0.0467071831226 
-5.5823931694 5.58473539352 0.00639443658292 
-5.55811882019 5.58502340317 0.0590049549937 
-5.51344108582 5.58529615402 0.108789950609 
-5.45896673203 5.58554029465 0.153378680348 
-5.38656234741 5.58574390411 0.190603107214 
-5.29551076889 5.58589220047 0.217655539513 
-5.20918130875 5.58599567413 0.236541077495 
-5.16492652893 5.58611297607 0.257975488901 
-5.13832521439 5.58623933792 0.281051546335 
-5.11445808411 5.58635997772 0.303140372038 
-5.08942317963 5.58646917343 0.323063254356 
-5.06148481369 5.58656072617 0.339771986008 
-5.03049659729 5.58663129807 0.352627903223 
-4.99835443497 5.58668375015 0.362187772989 
-4.96633148193 5.58672094345 0.369019657373 
-4.93552494049 5.58674716949 0.373888731003 
-4.90669536591 5.58676815033 0.377596974373 
-4.88008165359 5.58678483963 0.380717247725 
-4.85567331314 5.58680105209 0.383688002825 
-4.83307361603 5.58681678772 0.386542886496 
-4.81191587448 5.58683156967 0.389244645834 
-4.79181194305 5.58684444427 0.39159950614 
-4.77247667313 5.58685445786 0.393407195807 
-4.75367879868 5.5868601799 0.394400954247 
-4.73534059525 5.5868601799 0.394459545612 
-4.71743774414 5.58685493469 0.393488943577 
-4.70001649857 5.58684396744 0.391520321369 
-4.68310832977 5.58682775497 0.388532221317 
-4.66674470901 5.58680534363 0.384450435638 
-4.65102815628 5.58677816391 0.379506349564 
-4.636054039 5.58674955368 0.374271631241 
-4.62184524536 5.5867266655 0.370100677013 
