0.598309487971 -3.75458651048e-08 3.42536138195e-09 
0.596380205529 -3.87825095693e-08 -0.0469361161507 
0.588577242961 -3.59143849136e-08 -0.0932214931608 
0.57541558439 3.49733033493e-08 -0.138144999121 
0.559179279802 -1.33454386588e-07 -0.181688334479 
0.541987870375 9.88202433173e-08 -0.224498798873 
0.523882364111 1.32149344576e-08 -0.266931347992 
0.503208612897 7.00852904769e-09 -0.308366553786 
0.477098918033 -9.35655744977e-09 -0.346632476852 
0.443910575469 1.86050431244e-08 -0.379135218966 
0.405875659943 4.40449271282e-08 -0.405875747538 
0.364288307498 -8.46167340842e-08 -0.426526934572 
0.320044971983 2.34866425143e-08 -0.440503988984 
0.274613358174 -1.50812051609e-07 -0.448128173064 
0.228809334446 -1.00758975825e-07 -0.449063693147 
0.183307148527 -8.87016799711e-08 -0.442542078277 
0.139521576279 1.05544116134e-08 -0.429403640824 
0.0989985238094 -1.81113872215e-07 -0.412357405268 
0.0626997717327 -3.12993494126e-09 -0.395870397194 
0.0301294094473 -1.43345128281e-07 -0.382830560072 
-2.33192137007e-08 -2.76385924093e-09 -0.376902727289 
-0.0301294559091 -1.39741404929e-07 -0.382830486551 
-0.0626998178059 1.19453308928e-09 -0.39587030976 
-0.0989980925541 6.13501217282e-08 -0.412357330448 
-0.139521621353 1.48788796415e-08 -0.42940355568 
-0.183306716372 -8.58187012868e-08 -0.442542024205 
-0.228809378933 -1.00758975827e-07 -0.449063699966 
-0.27461340269 8.58859849632e-08 -0.448128222547 
-0.320045016726 2.20451531743e-08 -0.44050402829 
-0.364288352658 -8.7499712767e-08 -0.426527004964 
-0.405875705718 4.11619484416e-08 -0.405875819169 
-0.443910145204 1.42805750953e-08 -0.379135321498 
-0.477098965573 -1.29602808053e-08 -0.346632565489 
-0.503208661578 2.68406102146e-09 -0.308366658085 
-0.523882414027 8.89046642909e-09 -0.266931452907 
-0.541987921556 -1.43283378291e-07 -0.224498885354 
-0.559179332258 -1.35976992938e-07 -0.181688403237 
-0.575415638144 3.30475636809e-08 -0.138145056038 
-0.588577298054 -3.73558742569e-08 -0.0932215404692 
-0.596380262001 -3.95032542404e-08 -0.0469361488079 
-0.598309545842 -3.75458651048e-08 -1.44056517285e-08 
-0.593882590362 -5.81848378547e-09 0.0467395657989 
-0.584889442242 8.19119847428e-08 0.0926374048433 
-0.571993381964 -3.29840921621e-08 0.137323399137 
-0.553346188689 -5.60388974019e-08 0.179793138192 
-0.526811631919 -1.05816592636e-08 0.218212468051 
-0.492837461724 -9.47733052305e-08 0.25111331634 
-0.45394233197 -2.54315161923e-08 0.278176201929 
-0.412420306228 -1.27165720067e-07 0.299640882764 
-0.37141135721 -3.86134507056e-08 0.317215404224 
-0.333029780907 4.23836753829e-08 0.333030035793 
-0.297349010259 -5.0271296669e-08 0.348150989625 
-0.263832126632 8.18168798348e-08 0.363133636911 
-0.231689487694 2.53911694233e-08 0.378082815916 
-0.199943100426 -3.72623887487e-08 0.392410783778 
-0.16772702853 -1.49219415972e-07 0.40492870741 
-0.134761368581 1.36221651992e-07 0.414753621431 
-0.101293122228 -1.15079144032e-07 0.42191552767 
-0.0675535554937 -2.4483171581e-08 0.426516367276 
-0.0337663050125 -6.24646079942e-08 0.429039347374 
-3.53412305563e-08 1.23996298743e-07 0.429881166876 
0.0337662343552 -6.53475866746e-08 0.429039288845 
0.0675534849115 -2.44831715803e-08 0.426516369289 
0.101293051783 -1.15079144036e-07 0.421915530688 
0.134761775187 -1.04800852607e-07 0.414753577445 
0.167726958591 -1.52102394655e-07 0.404928652873 
0.199943507698 -4.01453674387e-08 0.392410730202 
0.231689418556 2.250819074e-08 0.378082763286 
0.263832057939 -1.5920562477e-07 0.363133596771 
0.297348942012 1.86426739906e-07 0.348150957187 
0.333030189948 3.95006966951e-08 0.333029986184 
0.371411766722 -4.00549400492e-08 0.317215385525 
0.412420239427 -1.30048698753e-07 0.299640835521 
0.453942265809 -2.97559842219e-08 0.278176126155 
0.492837396369 -9.76562839165e-08 0.251113271493 
0.526811567544 -1.34646379461e-08 0.218212424216 
0.553346125459 -5.89218760869e-08 0.179793095149 
0.571992843164 -3.44255815047e-08 0.137323386417 
0.58488938161 -1.57669030514e-07 0.0926374040388 
0.593882531098 -6.53922845678e-09 0.0467395686142 
