-5.02877092361 2.66504025459 0.502290546894 
-4.97220897675 2.65838932991 0.511590957642 
-4.91455125809 2.65112757683 0.506196200848 
-4.86169719696 2.64386701584 0.482609063387 
-4.81771183014 2.63724637032 0.445119827986 
-4.78421211243 2.63163495064 0.398993015289 
-4.76156759262 2.62721014023 0.348306566477 
-4.74888181686 2.62397193909 0.296472877264 
-4.74324703217 2.62165474892 0.246308669448 
-4.74198675156 2.6199555397 0.198632523417 
-4.7431845665 2.61862134933 0.152888149023 
-4.74693727493 2.6176264286 0.107923179865 
-4.75567913055 2.61726164818 0.0634852722287 
-4.76983737946 2.61759114265 0.0199266672134 
-4.78966808319 2.618663311 -0.0222292486578 
-4.81621313095 2.62065601349 -0.0614458397031 
-4.8496260643 2.62364935875 -0.0958300381899 
-4.88939237595 2.62765240669 -0.123151183128 
-4.93396472931 2.63253045082 -0.141693890095 
-4.98138952255 2.63811326027 -0.149303719401 
-5.02877092361 2.64401245117 -0.146982401609 
-5.07402133942 2.64992594719 -0.136125937104 
-5.11580896378 2.65563821793 -0.118342399597 
-5.1534409523 2.66101551056 -0.0951321795583 
-5.18656015396 2.66597890854 -0.0675712451339 
-5.21483802795 2.67046546936 -0.0363552309573 
-5.23834133148 2.67445397377 -0.00240717735142 
-5.25893592834 2.67812395096 0.0327423587441 
-5.27796411514 2.68164420128 0.0692277774215 
-5.29381608963 2.68486237526 0.108425952494 
-5.30163478851 2.68719148636 0.150667369366 
-5.30048799515 2.68845415115 0.194008469582 
-5.29351234436 2.68899941444 0.237320676446 
-5.28222799301 2.68902039528 0.280790120363 
-5.26674699783 2.68854665756 0.324914604425 
-5.24501371384 2.68729162216 0.368647098541 
-5.21422100067 2.68478274345 0.408049166203 
-5.17554473877 2.68110370636 0.441241919994 
-5.13045835495 2.67638015747 0.466497898102 
-5.08140230179 2.67098736763 0.486167341471 
