-4.60815048218 5.68033790588 0.319196671247 
-4.59150600433 5.68034076691 0.319758802652 
-4.57440662384 5.68034934998 0.32132384181 
-4.55647802353 5.6803612709 0.323503106833 
-4.53751325607 5.68037319183 0.32567101717 
-4.51752758026 5.68038082123 0.327055037022 
-4.49660491943 5.68038129807 0.327192991972 
-4.47466611862 5.68037557602 0.326098799706 
-4.45130777359 5.68036460876 0.324148058891 
-4.4256567955 5.68035268784 0.321944922209 
-4.39654445648 5.68034172058 0.319878727198 
-4.36291456223 5.68032932281 0.31772378087 
-4.32409906387 5.68031263351 0.314647912979 
-4.28018951416 5.68028306961 0.309247583151 
-4.23366928101 5.68022727966 0.299080610275 
-4.19150018692 5.6801276207 0.280855298042 
-4.15762138367 5.67998409271 0.254659295082 
-4.12567043304 5.67981672287 0.224107205868 
-4.06048202515 5.67965745926 0.195016637444 
-3.9116358757 5.67948246002 0.163091853261 
-3.80514955521 5.67918205261 0.108275778592 
-3.73296689987 5.67880487442 0.0393983796239 
-3.7000105381 5.67839431763 -0.0355572663248 
-3.70126342773 5.67798995972 -0.109445273876 
-3.7358648777 5.67762994766 -0.175142735243 
-3.79066991806 5.67732810974 -0.230330646038 
-3.8587179184 5.67709112167 -0.273573428392 
-3.92680883408 5.67689561844 -0.309244662523 
-3.99248361588 5.67673254013 -0.33902567625 
-4.05271577835 5.67658424377 -0.366103231907 
-4.11208248138 5.67646551132 -0.387784510851 
-4.16937446594 5.67636871338 -0.405457049608 
-4.22484445572 5.67629289627 -0.419291436672 
-4.2790517807 5.67624139786 -0.428756415844 
-4.33273172379 5.67622184753 -0.432256132364 
-4.38497209549 5.67623186111 -0.430516093969 
-4.43502044678 5.67626428604 -0.424555838108 
-4.48245620728 5.67631530762 -0.415270626545 
-4.52725887299 5.67638540268 -0.402446419001 
-4.56907558441 5.67646360397 -0.388209283352 
-4.60815048218 5.67650699615 -0.380315154791 
-4.64722537994 5.67646360397 -0.388208568096 
-4.68904209137 5.67638540268 -0.402445673943 
-4.73384428024 5.67631530762 -0.415270090103 
-4.78128051758 5.67626428604 -0.424555450678 
-4.83132839203 5.67623186111 -0.430515915155 
-4.88356924057 5.67622232437 -0.432256102562 
-4.93724918365 5.67624187469 -0.428756594658 
-4.99145650864 5.67629337311 -0.419291764498 
-5.04692649841 5.67636919022 -0.405457466841 
-5.10421848297 5.67646598816 -0.387784928083 
-5.16358566284 5.67658472061 -0.366103738546 
-5.22381782532 5.67673301697 -0.339026153088 
-5.28949260712 5.67689609528 -0.309244930744 
-5.3575835228 5.67709159851 -0.273573666811 
-5.42563152313 5.67732810974 -0.230330958962 
-5.48043727875 5.67763090134 -0.17514307797 
-5.51503896713 5.67799091339 -0.109445594251 
-5.51629161835 5.6783952713 -0.0355574898422 
-5.48333501816 5.67880582809 0.0393982715905 
-5.41115236282 5.67918300629 0.108275778592 
-5.30466556549 5.67948293686 0.163091883063 
-5.15581941605 5.6796579361 0.195016741753 
-5.09063148499 5.67981719971 0.224107518792 
-5.05868053436 5.67998456955 0.254659682512 
-5.02480125427 5.6801276207 0.28085565567 
-4.98263216019 5.6802277565 0.299080818892 
-4.93611192703 5.68028306961 0.30924770236 
-4.89220142365 5.68031311035 0.314647972584 
-4.85338640213 5.68032979965 0.317723810673 
-4.81975650787 5.68034124374 0.319878786802 
-4.79064369202 5.68035268784 0.321944981813 
-4.76499319077 5.6803650856 0.324148148298 
-4.7416343689 5.68037557602 0.32609885931 
-4.71969604492 5.68038129807 0.327192991972 
-4.69877290726 5.68038082123 0.32705488801 
-4.67878723145 5.68037319183 0.325670748949 
-4.65982246399 5.6803612709 0.323502808809 
-4.64189434052 5.68034982681 0.321323573589 
-4.62479448318 5.68034076691 0.319758623838 
