1.02099534956 2.17608498222e-07 3.66608848282e-08 
1.02999159861 -3.616052444e-08 -0.0539795595131 
1.02901575217 1.84069132762e-07 -0.10815387961 
1.01618096559 1.1410143802e-07 -0.160947210292 
0.990961049032 1.77760960596e-07 -0.210635221587 
0.954857324273 2.49005779696e-07 -0.255853200359 
0.915461515719 1.43044171196e-07 -0.297451413606 
0.875067210109 3.08859398888e-07 -0.335906756076 
0.827323890128 -6.33883131534e-09 -0.368348369846 
0.773138023199 1.10381796544e-07 -0.393933387736 
0.711382127835 -4.82122110798e-08 -0.410716600846 
0.647587276678 4.35510725117e-07 -0.420547968231 
0.585838295278 4.32902000441e-07 -0.42563646629 
0.538127876728 1.92584583966e-07 -0.435767247402 
0.497993923822 4.08711300888e-07 -0.448395800268 
0.461496807928 1.4546483977e-07 -0.46149668257 
0.426712491096 2.63247310638e-09 -0.473912203102 
0.392892815819 2.2957652281e-07 -0.485182303033 
0.35942123164 1.21141788056e-07 -0.494700879751 
0.325570561878 2.47863213224e-07 -0.501334291748 
0.291447141215 2.46303618152e-07 -0.50480128965 
0.257386186172 3.9533895744e-07 -0.505148532217 
0.223803498758 -3.89800114537e-08 -0.502670463308 
0.190833547045 4.00311259697e-07 -0.497138419716 
0.158721425335 2.9616114176e-07 -0.488494175632 
0.127703644853 1.15923520028e-07 -0.476596398654 
0.0983199852814 3.03581003788e-07 -0.462559824219 
0.0709166304159 1.5427993686e-07 -0.447750460016 
0.0455922855728 3.17231525534e-07 -0.433781806048 
0.0221671831779 3.54563407035e-07 -0.422976985811 
-2.26912355241e-08 1.82317445021e-07 -0.419045629338 
-0.0221672284432 3.48726608715e-07 -0.422976927153 
-0.0455923305161 3.05557928868e-07 -0.433781688771 
-0.0709166749429 1.42606340198e-07 -0.447750343493 
-0.098320029367 2.91907407126e-07 -0.462559708513 
-0.127703688521 1.04249923371e-07 -0.476596283824 
-0.158721468647 2.87405944265e-07 -0.488494091385 
-0.190833590101 3.9739286053e-07 -0.497138395744 
-0.223803064811 4.35565360149e-07 -0.502670423283 
-0.257386228989 3.95338957436e-07 -0.505148539888 
-0.291447184042 2.49222017323e-07 -0.504801327995 
-0.325570127971 2.5078161239e-07 -0.50133433111 
-0.359421274768 1.24060187226e-07 -0.494700920122 
-0.39289285923 2.32494921973e-07 -0.485182344402 
-0.426712534844 4.83014643029e-07 -0.473912228443 
-0.461496852045 1.51301638107e-07 -0.461496755642 
-0.497993968329 4.11629700052e-07 -0.448395844768 
-0.538127921612 1.95502983136e-07 -0.435767293099 
-0.585838340464 -4.16433711554e-08 -0.425636530444 
-0.647586845179 4.3842912429e-07 -0.42054801719 
-0.711381935047 4.29251559683e-07 -0.410716605012 
-0.77313806933 1.16218594881e-07 -0.393933470095 
-0.827323937021 -3.42043214976e-09 -0.368348424161 
-0.875067257969 3.14696197212e-07 -0.335906841473 
-0.915461564725 1.45962570363e-07 -0.297451470548 
-0.954857374519 2.53383378446e-07 -0.255853273305 
-0.990961100626 1.82138559342e-07 -0.210635295609 
-1.01618101866 1.17019837185e-07 -0.160947270236 
-1.02901604524 1.85528332345e-07 -0.108153925107 
-1.02999165487 -3.52485247e-08 -0.0539795994777 
-1.02099564585 2.17608498222e-07 6.23284784922e-09 
-0.994110613971 8.00935088181e-08 0.0520991214386 
-0.951554328827 2.37926866774e-07 0.100012420178 
-0.897965939105 3.7289758641e-07 0.142223883301 
-0.82686570462 2.57177667075e-07 0.17575575309 
-0.747462304564 3.49950695845e-07 0.20028198238 
-0.678340467248 4.52548325263e-07 0.220406173508 
-0.629335435978 3.65470077792e-07 0.241579213106 
-0.596715960018 1.58182642936e-07 0.265675114496 
-0.567769560682 5.0931844057e-07 0.28929300883 
-0.539092574314 -6.17920082523e-08 0.311245201944 
-0.509540591728 2.59540858099e-07 0.330899707061 
-0.47881415918 3.16537586655e-07 0.347878728247 
-0.447607551579 2.76920239574e-08 0.362465519056 
-0.416101490207 -4.78168825996e-08 0.374659266068 
-0.384791885713 -5.95060939246e-09 0.384792063753 
-0.353778397065 3.08102672294e-07 0.392911032797 
-0.323259865359 3.14059883806e-07 0.399192499514 
-0.293851410542 2.93799770436e-07 0.404451658524 
-0.26535562203 1.28616649362e-07 0.408611805803 
-0.237793003823 1.44764226479e-07 0.411869271126 
-0.211097752394 2.36231448851e-07 0.414303042273 
-0.18503478702 1.08525319087e-07 0.415594731678 
-0.159565007053 2.16168419659e-07 0.415681287314 
-0.134563004314 2.65548099667e-07 0.414142055254 
-0.110188996092 2.14182750708e-07 0.41123067606 
-0.0864758841495 2.62557554928e-07 0.406837985428 
-0.0633941045714 2.98945278885e-07 0.400254186328 
-0.0411262859869 4.25554216088e-07 0.391293202813 
-0.0200028765724 1.70926177204e-07 0.381678724629 
-3.45434648864e-08 -4.13369596793e-08 0.37634401903 
0.0200028073265 1.62170979717e-07 0.381678814202 
0.0411266932916 4.16799018589e-07 0.391293293016 
0.0633940347719 2.93108480558e-07 0.400254247536 
0.0864762909909 2.59639155758e-07 0.406838017664 
0.110188925966 2.08345952381e-07 0.411230738662 
0.134562934101 2.62629700501e-07 0.414142088924 
0.159564936794 2.13250020482e-07 0.415681321729 
0.185034716764 1.11443718253e-07 0.415594707533 
0.211098159013 2.39149848012e-07 0.414303018905 
0.237792933677 1.47682625646e-07 0.411869248554 
0.265355551981 1.31535048524e-07 0.408611784052 
0.293851340618 2.99636568766e-07 0.404451607964 
0.323259795591 -1.54648689449e-07 0.399192403135 
0.353778804321 3.1102107147e-07 0.392911013681 
0.384792293212 4.71513161373e-07 0.384792092256 
0.41610142117 4.29646888155e-07 0.374659295504 
0.447607482906 3.06104231258e-08 0.362465502737 
0.478814090942 3.22374384984e-07 0.347878683198 
0.509540523995 2.65377656432e-07 0.330899662929 
0.539092507168 -5.59552099216e-08 0.311245158692 
0.567769494189 5.15155238899e-07 0.289292966433 
0.59671589423 1.64019441265e-07 0.265675072961 
0.629335370907 3.68388476957e-07 0.241579202203 
0.67834016439 -1.76194475763e-08 0.220406102541 
0.747462479143 3.5140989543e-07 0.200281989827 
0.826865641511 2.60096066238e-07 0.175755748074 
0.897965876996 3.75815985576e-07 0.142223880403 
0.951554267975 2.40115666151e-07 0.100012426293 
0.994110554547 8.08231086091e-08 0.0520991436506 
