-4.60815095901 4.24137783051 0.591512918472 
-4.58329439163 4.24137210846 0.59044867754 
-4.55856466293 4.24135828018 0.587940514088 
-4.5339846611 4.2413392067 0.584423482418 
-4.50942325592 4.24131822586 0.580634951591 
-4.48475074768 4.24129676819 0.576693594456 
-4.4601020813 4.24127006531 0.571805298328 
-4.43570280075 4.24123477936 0.565400123596 
-4.41185522079 4.24118900299 0.557044506073 
-4.38873052597 4.24113273621 0.546794354916 
-4.36615657806 4.24107027054 0.53530395031 
-4.34385347366 4.24100351334 0.523140609264 
-4.3215713501 4.24093484879 0.51060116291 
-4.2990436554 4.24086523056 0.497873902321 
-4.27614498138 4.24079418182 0.484888672829 
-4.25313138962 4.24071884155 0.471178233624 
-4.23037624359 4.2406373024 0.456308990717 
-4.20817089081 4.24054861069 0.440056681633 
-4.186668396 4.24045181274 0.422384679317 
-4.16588926315 4.24034738541 0.403367966413 
-4.14531469345 4.2402381897 0.383378922939 
-4.12575149536 4.24012088776 0.361955225468 
-4.10874605179 4.23999214172 0.338510125875 
-4.0943813324 4.23985481262 0.313378810883 
-4.08296012878 4.23970890045 0.286806404591 
-4.07441949844 4.23955774307 0.259174972773 
-4.06880187988 4.23940229416 0.230804592371 
-4.06646633148 4.23924446106 0.201957300305 
-4.06677436829 4.23908615112 0.173064306378 
-4.06865501404 4.2389292717 0.144437551498 
-4.07158660889 4.23877477646 0.116164185107 
-4.07491016388 4.23862171173 0.0882186591625 
-4.07870531082 4.23846960068 0.0605180598795 
-4.0834774971 4.23831939697 0.033065315336 
-4.09014749527 4.23817157745 0.00606086989865 
-4.09927654266 4.23802804947 -0.02018619515 
-4.11097002029 4.23788976669 -0.0453772693872 
-4.1262049675 4.2377614975 -0.0688347816467 
-4.14577150345 4.23764705658 -0.0896972864866 
-4.16909646988 4.2375497818 -0.107541799545 
-4.19511985779 4.23746871948 -0.122295871377 
-4.22407865524 4.237408638 -0.133251667023 
-4.25544071198 4.2373714447 -0.140090987086 
-4.28449344635 4.23733949661 -0.145924672484 
-4.30879354477 4.23729848862 -0.153374373913 
-4.33002758026 4.23725175858 -0.161954820156 
-4.35021877289 4.23720598221 -0.170294225216 
-4.37039518356 4.23716688156 -0.177435532212 
-4.39119052887 4.23713922501 -0.182451501489 
-4.41271066666 4.2371263504 -0.184782549739 
-4.43459320068 4.23712825775 -0.184441670775 
-4.45629501343 4.23714256287 -0.181865423918 
-4.47730493546 4.23716545105 -0.177715972066 
-4.49730682373 4.23719358444 -0.172590076923 
-4.51621389389 4.23722505569 -0.166785031557 
-4.534096241 4.23726129532 -0.1602075845 
-4.55093955994 4.2373008728 -0.152990177274 
-4.56670093536 4.23734140396 -0.145536884665 
-4.58140325546 4.23738098145 -0.138320028782 
-4.59510993958 4.23741197586 -0.132665589452 
-4.60815095901 4.23742580414 -0.13012842834 
-4.62119150162 4.23741197586 -0.132665216923 
-4.63489866257 4.23738098145 -0.138319432735 
-4.64960098267 4.23734140396 -0.145536258817 
-4.66536235809 4.2373008728 -0.15298961103 
-4.6822052002 4.23726129532 -0.16020706296 
-4.70008802414 4.23722505569 -0.166784584522 
-4.71899461746 4.23719358444 -0.172589719296 
-4.73899650574 4.23716545105 -0.177715703845 
-4.7600069046 4.23714256287 -0.181865215302 
-4.78170824051 4.23712873459 -0.184441566467 
-4.80359077454 4.23712682724 -0.184782609344 
-4.82511138916 4.23713970184 -0.182451695204 
-4.8459072113 4.23716688156 -0.177435800433 
-4.86608314514 4.23720598221 -0.170294553041 
-4.88627433777 4.23725175858 -0.161955162883 
-4.90750837326 4.23729896545 -0.153374671936 
-4.93180894852 4.23733949661 -0.145924881101 
-4.96086120605 4.2373714447 -0.140091150999 
-4.99222373962 4.23740911484 -0.13325189054 
-5.02118253708 4.23746919632 -0.122296176851 
-5.04720592499 4.2375497818 -0.107542127371 
-5.07053089142 4.23764753342 -0.0896976292133 
-5.09009790421 4.23776197433 -0.0688351243734 
-5.10533285141 4.23789024353 -0.0453775934875 
-5.1170258522 4.23802804947 -0.0201864745468 
-5.1261548996 4.23817205429 0.00606064638123 
-5.1328253746 4.23831987381 0.0330651476979 
-5.13759756088 4.23847007751 0.060517936945 
-5.14139270782 4.23862218857 0.0882185921073 
-5.14471626282 4.23877477646 0.116164185107 
-5.14764785767 4.23892974854 0.144437611103 
-5.14952850342 4.23908662796 0.173064410686 
-5.14983654022 4.2392449379 0.201957464218 
-5.14750051498 4.239402771 0.230804815888 
-5.14188337326 4.23955821991 0.259175240993 
-5.13334274292 4.23970937729 0.286806732416 
-5.12192106247 4.23985481262 0.31337916851 
-5.10755634308 4.23999261856 0.338510483503 
-5.09055089951 4.24012088776 0.361955612898 
-5.07098817825 4.24023866653 0.383379310369 
-5.05041313171 4.24034786224 0.403368413448 
-5.02963399887 4.24045181274 0.422385126352 
-5.00813150406 4.24054861069 0.44005715847 
-4.98592615128 4.24063777924 0.456309467554 
-4.96317052841 4.24071884155 0.471178680658 
-4.94015741348 4.24079418182 0.484889119864 
-4.91725826263 4.24086523056 0.497874319553 
-4.89473056793 4.24093532562 0.510601639748 
-4.8724489212 4.24100399017 0.523141086102 
-4.85014533997 4.24107027054 0.535304427147 
-4.82757139206 4.24113321304 0.546794831753 
-4.80444669724 4.24118947983 0.557044863701 
-4.78059911728 4.2412352562 0.565400421619 
-4.75619983673 4.24127006531 0.571805536747 
-4.73155117035 4.24129676819 0.576693832874 
-4.70687866211 4.24131822586 0.580635070801 
-4.68231678009 4.2413392067 0.584423720837 
-4.6577372551 4.24135875702 0.587940633297 
-4.6330075264 4.24137210846 0.590448796749 
