-4.60815095901 3.98439717293 0.5832862854 
-4.58374929428 3.98439645767 0.58317065239 
-4.55929231644 3.98439240456 0.582421660423 
-4.5348610878 3.98438048363 0.580298602581 
-4.51059436798 3.98435997963 0.576532661915 
-4.4865860939 3.98433113098 0.571250259876 
-4.46289348602 3.98429489136 0.564621448517 
-4.4394774437 3.98425292969 0.556973516941 
-4.41627264023 3.98420667648 0.548530757427 
-4.39323282242 3.98415637016 0.539365410805 
-4.37019109726 3.98410367966 0.529723465443 
-4.34688854218 3.98404955864 0.51987361908 
-4.32294750214 3.98399615288 0.510113835335 
-4.29811620712 3.98394322395 0.500426232815 
-4.27253675461 3.98388767242 0.490302652121 
-4.24664163589 3.98382616043 0.479074895382 
-4.22104740143 3.98375511169 0.466115474701 
-4.19650220871 3.98367190361 0.450912863016 
-4.17359161377 3.9835755825 0.433292269707 
-4.15289306641 3.98346567154 0.413214683533 
-4.13550043106 3.98334050179 0.390451937914 
-4.12131690979 3.98320484161 0.365621775389 
-4.10975599289 3.98306155205 0.339467704296 
-4.10045623779 3.98291373253 0.312454104424 
-4.09341573715 3.98276233673 0.284816294909 
-4.08798694611 3.98260974884 0.256946653128 
-4.0838227272 3.98245668411 0.229018986225 
-4.08054971695 3.98230409622 0.201133817434 
-4.07763290405 3.98215174675 0.173330083489 
-4.07460403442 3.98199939728 0.14553283155 
-4.07204008102 3.98184633255 0.117571249604 
-4.07116699219 3.98169231415 0.0894295349717 
-4.07275342941 3.98153829575 0.0612995736301 
-4.07695007324 3.98138570786 0.0334385670722 
-4.08384275436 3.98123598099 0.00612776866183 
-4.09309434891 3.98109054565 -0.0204356499016 
-4.10458421707 3.98095011711 -0.0460450276732 
-4.11864995956 3.98081731796 -0.0703277811408 
-4.13522815704 3.9806933403 -0.0929844379425 
-4.15369319916 3.98057818413 -0.113982923329 
-4.17375326157 3.98047304153 -0.133224442601 
-4.19511413574 3.98037743568 -0.150653928518 
-4.21782159805 3.98029327393 -0.166015252471 
-4.24133396149 3.980219841 -0.179466813803 
-4.2656083107 3.98015737534 -0.190851017833 
-4.29070568085 3.98010802269 -0.199869006872 
-4.31624698639 3.98007106781 -0.206616252661 
-4.34167528152 3.98004436493 -0.211493775249 
-4.36635541916 3.98002386093 -0.215226963162 
-4.38988876343 3.98000597954 -0.218517646194 
-4.4124083519 3.97998976707 -0.221459835768 
-4.43433713913 3.97997832298 -0.223552718759 
-4.45586109161 3.97997331619 -0.22447244823 
-4.47719192505 3.97997808456 -0.223583757877 
-4.49817466736 3.97999286652 -0.220895111561 
-4.51863908768 3.98001718521 -0.216485992074 
-4.53845739365 3.98005104065 -0.210306107998 
-4.55743408203 3.98009300232 -0.20263646543 
-4.57543897629 3.98014211655 -0.193659216166 
-4.5923075676 3.98019099236 -0.184735238552 
-4.60815095901 3.9802172184 -0.179956108332 
-4.62399435043 3.98019099236 -0.184734642506 
-4.64086294174 3.98014211655 -0.193658560514 
-4.65886735916 3.98009300232 -0.202635884285 
-4.67784452438 3.98005104065 -0.210305660963 
-4.69766235352 3.98001718521 -0.216485604644 
-4.71812677383 3.97999286652 -0.220894873142 
-4.73910999298 3.97997832298 -0.223583623767 
-4.76044082642 3.97997331619 -0.224472403526 
-4.7819647789 3.97997832298 -0.22355273366 
-4.80389356613 3.97999000549 -0.221459910274 
-4.82641267776 3.98000597954 -0.218517720699 
-4.84994649887 3.98002409935 -0.215227007866 
-4.87462663651 3.98004460335 -0.211493864655 
-4.90005493164 3.98007130623 -0.206616342068 
-4.92559623718 3.98010826111 -0.199869200587 
-4.95069408417 3.98015761375 -0.19085124135 
-4.97496843338 3.98022007942 -0.179467111826 
-4.99848031998 3.98029351234 -0.166015580297 
-5.02118825912 3.9803776741 -0.150654256344 
-5.0425491333 3.98047327995 -0.13322481513 
-5.06260919571 3.98057866096 -0.113983280957 
-5.08107471466 3.98069381714 -0.0929847955704 
-5.09765291214 3.9808177948 -0.0703281089664 
-5.11171865463 3.98095083237 -0.0460453294218 
-5.1232085228 3.98109102249 -0.0204359125346 
-5.13246011734 3.98123645782 0.00612755259499 
-5.13935279846 3.98138594627 0.0334384068847 
-5.14354896545 3.98153877258 0.0612994618714 
-5.14513587952 3.98169255257 0.0894294753671 
-5.14426279068 3.98184680939 0.117571249604 
-5.14169883728 3.98200011253 0.145532891154 
-5.13866996765 3.98215222359 0.173330202699 
-5.13575315475 3.98230433464 0.201134011149 
-5.1324801445 3.98245716095 0.229019239545 
-5.1283159256 3.98260998726 0.256946980953 
-5.12288713455 3.98276257515 0.284816682339 
-5.11584663391 3.98291397095 0.312454521656 
-5.10654687881 3.98306202888 0.339468151331 
-5.09498548508 3.98320508003 0.365622252226 
-5.08080196381 3.98334121704 0.390452474356 
-5.06340932846 3.98346590996 0.41321516037 
-5.0427107811 3.98357582092 0.433292716742 
-5.01980018616 3.98367238045 0.450913280249 
-4.9952545166 3.98375558853 0.466115862131 
-4.96966028214 3.98382639885 0.479075223207 
-4.94376516342 3.98388791084 0.490302979946 
-4.91818571091 3.98394322395 0.500426530838 
-4.89335441589 3.9839963913 0.510114192963 
-4.86941337585 3.98404979706 0.519873976707 
-4.84611082077 3.98410391808 0.529723823071 
-4.82306909561 3.98415660858 0.539365828037 
-4.8000292778 3.98420667648 0.548531115055 
-4.77682447433 3.98425316811 0.556973874569 
-4.75340843201 3.98429489136 0.56462174654 
-4.72971582413 3.98433113098 0.571250498295 
-4.70570755005 3.98436021805 0.576532840729 
-4.68144083023 3.98438072205 0.580298781395 
-4.65700912476 3.98439240456 0.582421779633 
-4.63255214691 3.98439645767 0.58317065239 
