-5.33744836663e-09 4.61673771491e-08 6.74098709506e-05 
3.80935982421e-06 1.04242616713e-08 6.72652098392e-05 
7.14721993859e-06 -2.53190366012e-08 6.71205487501e-05 
1.0485080053e-05 -6.10623348737e-08 6.6975887661e-05 
1.42997773255e-05 -9.68054503515e-08 6.68312265496e-05 
1.81144745995e-05 -1.39697481396e-07 6.66576332515e-05 
2.14523345311e-05 2.87474207164e-07 6.63985895133e-05 
2.57438689633e-05 2.44582358913e-07 6.6224996193e-05 
2.95585662358e-05 2.08839243436e-07 6.60803350817e-05 
3.3850100668e-05 1.65947395185e-07 6.59067417613e-05 
3.81416351016e-05 1.15906631368e-07 6.57042162544e-05 
4.24331695337e-05 7.30147831178e-08 6.55306229341e-05 
4.76783782837e-05 2.297438489e-08 6.53280973826e-05 
5.29235870351e-05 -3.4214928905e-08 6.50966396444e-05 
5.86456329446e-05 -9.14040599053e-08 6.4865181884e-05 
6.4844515831e-05 3.07173063155e-07 6.44904092656e-05 
7.15202360597e-05 2.35686466609e-07 6.42010870874e-05 
7.91496306063e-05 1.57051320087e-07 6.38828326779e-05 
8.77326994706e-05 7.12676235864e-08 6.35356460373e-05 
9.72694426542e-05 -2.88135384588e-08 6.31305949789e-05 
0.000108713534292 3.12574270806e-07 6.25243646223e-05 
0.00012158813759 1.76749810488e-07 6.19746524747e-05 
0.000137800601001 1.23309674652e-08 6.13092114247e-05 
0.000157350924345 2.67934897435e-07 6.03557944498e-05 
0.000182623293779 1.05836251391e-08 5.93142345502e-05 
0.000216001894738 1.30363460381e-07 5.78111053832e-05 
0.000262255098995 1.07169919737e-07 5.57293318819e-05 
0.000332350161208 -1.51928694885e-07 5.26927951079e-05 
0.00045108261329 1.43972195215e-08 4.74022376989e-05 
0.000696176912005 2.4696715511e-07 3.64160719114e-05 
0.00151681365963 8.68398140781e-08 -1.42918347298e-08 
0.0093235915909 1.77630208304e-07 -0.000488666403106 
0.0143599456083 -2.5046728517e-08 -0.00150925334753 
0.0199975912524 -5.75673923027e-08 -0.00316724721014 
0.0260796490943 2.57874596119e-07 -0.00554342932321 
0.0315523090232 5.7296771543e-08 -0.00845443824283 
0.0375223100696 9.3327198482e-09 -0.0121917691043 
0.0428910194345 -1.56073290606e-07 -0.016464301545 
0.0473270353022 3.05097390708e-08 -0.0210713518515 
0.0516624384995 3.13895300811e-08 -0.026323211645 
0.0560951164393 -4.42171998408e-08 -0.0323864172577 
0.059197418708 -7.80661843155e-09 -0.0384432039012 
0.0622143670925 1.06287632835e-07 -0.0452013812848 
0.0648398321447 2.2826260062e-07 -0.0525061803946 
0.0666580118785 3.05880980891e-08 -0.0600190065558 
0.0683374319615 2.0309840646e-07 -0.06833739478 
0.0687398821495 1.0511744217e-08 -0.0763431808257 
0.0690445806773 4.05629021549e-07 -0.0852629795333 
0.0683240793218 2.39293265174e-07 -0.0940399369899 
0.0673293965601 4.15769096308e-08 -0.103677752966 
0.0648040665706 -1.70491428499e-08 -0.112243561265 
0.0618171581879 1.57006228932e-07 -0.121323276056 
0.0577607040908 7.63400997021e-08 -0.12973213225 
0.0528836132618 1.59090570501e-07 -0.137766613053 
0.0471558449739 5.0757319775e-09 -0.14513016294 
0.0405526037171 1.02112326027e-07 -0.151343727571 
0.0333504550203 1.1636344195e-07 -0.156901641189 
0.0255074372487 7.49301040278e-08 -0.161048417272 
0.0172681678408 -1.55685578879e-07 -0.164293481892 
0.00870560290609 2.69271493691e-07 -0.166108628305 
-1.31176394347e-08 1.45511559914e-07 -0.16667564784 
-0.00870515225136 1.33916629954e-07 -0.166109148272 
-0.0172681938537 9.73947740431e-08 -0.164294390298 
-0.0255074629589 2.43055365846e-07 -0.161049643163 
-0.0333509571807 1.53369283509e-07 -0.156903372662 
-0.0405526285217 1.12149740852e-07 -0.151345545168 
-0.0471563460357 -5.42899585979e-08 -0.145132240311 
-0.0528845904736 -4.40706167289e-08 -0.137769254067 
-0.057761680553 2.89461157151e-07 -0.129735060785 
-0.0618186107027 3.31272456427e-07 -0.121326348873 
-0.0648055182379 1.08459081232e-07 -0.112246821862 
-0.0673313242652 4.36172246248e-08 -0.103681505175 
-0.0683264829648 3.19208849051e-07 -0.0940433708519 
-0.0690469835012 3.28005863018e-08 -0.0852662555471 
-0.0687427609781 1.11555098014e-07 -0.0763465278523 
-0.0683403100429 -8.69755134261e-08 -0.0683403381396 
-0.0666613660209 1.54674179265e-07 -0.0600222669801 
-0.064843185586 -5.19809879816e-08 -0.0525090951484 
-0.0622181966894 2.7667395257e-07 -0.0452044685306 
-0.0592012476741 2.72126519168e-07 -0.0384458574457 
-0.0560994216774 2.09498617563e-07 -0.0323891868205 
-0.0516667431717 -1.02921964283e-07 -0.0263255779169 
-0.0473318163214 -2.89888432668e-08 -0.0210734292061 
-0.0428958000236 -1.62128385455e-07 -0.0164661767882 
-0.0375275670973 4.31381914941e-08 -0.0121935001876 
-0.0315575657022 1.74317494161e-07 -0.0084558516292 
-0.0260844286645 1.96337145643e-09 -0.00554438165142 
-0.0200023706006 -2.51624199177e-07 -0.00316796864843 
-0.0143647248018 -1.64738762525e-07 -0.00150977278661 
-0.00932741701505 1.2758688231e-07 -0.000488839125978 
-0.0015196853638 8.56757773152e-08 -1.41501531074e-08 
-0.000697618101427 2.67879592852e-07 3.65029335053e-05 
-0.000451570127192 3.54979358221e-08 4.74890763763e-05 
-0.000332837674489 -1.30736946815e-07 5.27796227053e-05 
-0.000262742612192 1.35564325021e-07 5.58450851248e-05 
-0.0002160125706 1.58793510635e-07 5.79268542875e-05 
-0.00018263396941 3.90392666537e-08 5.94299803396e-05 
-0.00015783843705 -1.66505254438e-07 6.05859205521e-05 
-0.000137811276446 4.08209743868e-08 6.14249530313e-05 
-0.000122075650258 2.05252064656e-07 6.20903925907e-05 
-0.000108724209672 -1.21828408149e-07 6.27544861636e-05 
-9.72801178983e-05 -2.9245643522e-10 6.32463328032e-05 
-8.77433747537e-05 9.97960173987e-08 6.36513829717e-05 
-7.91603059227e-05 1.85586294509e-07 6.39985688113e-05 
-7.15309114068e-05 2.64227290463e-07 6.43168225088e-05 
-6.43783538648e-05 -1.27195798778e-07 6.47205266909e-05 
-5.81794708207e-05 -6.28531823427e-08 6.49809160817e-05 
-5.29342620916e-05 -5.65984706393e-09 6.52123733304e-05 
-4.76890533625e-05 5.15334882148e-08 6.54438305791e-05 
-4.2443844632e-05 1.01577907926e-07 6.56463556411e-05 
-3.81523102179e-05 1.51621962049e-07 6.58488807476e-05 
-3.33839386442e-05 1.94517283399e-07 6.60224736452e-05 
-2.95692413869e-05 2.37412239159e-07 6.61960665872e-05 
-2.52777069714e-05 2.80307377714e-07 6.63696595071e-05 
-2.146300953e-05 -1.46861568925e-07 6.66287029115e-05 
-1.76483122727e-05 -1.03966613165e-07 6.68022958536e-05 
-1.43104521722e-05 -6.82207557661e-08 6.69469566312e-05 
-1.04957549135e-05 -3.24747155728e-08 6.70916173866e-05 
-7.15789481307e-06 3.27114182573e-09 6.72362781643e-05 
-3.34319755579e-06 4.61660975861e-08 6.74098711063e-05 
