-4.19440889359 2.60130190849 0.49865424633 
-4.14683485031 2.60563898087 0.48470017314 
-4.10235357285 2.60943555832 0.467292845249 
-4.06067991257 2.6127011776 0.44608053565 
-4.02281761169 2.61523151398 0.419447481632 
-3.99052381516 2.6168012619 0.38681781292 
-3.96532249451 2.61729669571 0.349058777094 
-3.94734883308 2.6168243885 0.308219850063 
-3.93387770653 2.6158246994 0.266733109951 
-3.92405509949 2.61439490318 0.224667131901 
-3.91854834557 2.61243891716 0.181636840105 
-3.91994738579 2.60969734192 0.137997627258 
-3.93121862411 2.60597252846 0.0958528369665 
-3.94922947884 2.60167551041 0.0563978888094 
-3.97029542923 2.59713768959 0.0184753648937 
-3.99435210228 2.59231638908 -0.0187513306737 
-4.02380800247 2.58705854416 -0.0534597560763 
-4.05909013748 2.58140802383 -0.0841247364879 
-4.09989690781 2.57548546791 -0.109265431762 
-4.145403862 2.56945800781 -0.127577140927 
-4.19440889359 2.56353878975 -0.137664288282 
-4.24491882324 2.55812501907 -0.136479005218 
-4.29355812073 2.55368256569 -0.122353062034 
-4.33746242523 2.550385952 -0.0975799784064 
-4.37446212769 2.54834532738 -0.0642714649439 
-4.40348577499 2.54751396179 -0.0251815523952 
-4.42404651642 2.54780626297 0.0173588097095 
-4.43888711929 2.54871964455 0.0599003918469 
-4.44830942154 2.55020737648 0.102203682065 
-4.45349407196 2.5521171093 0.143868759274 
-4.45693540573 2.55418992043 0.185093715787 
-4.45959234238 2.55640530586 0.227283522487 
-4.4597902298 2.55901932716 0.271692365408 
-4.45390605927 2.56239652634 0.317835360765 
-4.44015216827 2.56664514542 0.364259183407 
-4.41733455658 2.57175850868 0.408676952124 
-4.385222435 2.5775988102 0.448339879513 
-4.34477090836 2.58391022682 0.480682551861 
-4.29694986343 2.59030485153 0.500945270061 
-4.24527835846 2.59622812271 0.506225407124 
