-4.17741966248 1.96397078037 0.391971021891 
-4.12373352051 1.96767961979 0.412780404091 
-4.06920814514 1.97217690945 0.406962871552 
-4.02111625671 1.97671580315 0.380714744329 
-3.98475623131 1.98073744774 0.339093059301 
-3.9593937397 1.98403584957 0.291863441467 
-3.94088387489 1.98676264286 0.245601862669 
-3.92771792412 1.98902237415 0.200881808996 
-3.91506624222 1.99116945267 0.158806249499 
-3.90336513519 1.99323689938 0.116876885295 
-3.89721369743 1.99490559101 0.0733629986644 
-3.90123128891 1.99577486515 0.0294883083552 
-3.9164056778 1.99568378925 -0.0117236459628 
-3.93815732002 1.99496221542 -0.0489757470787 
-3.96423721313 1.99378418922 -0.0820999220014 
-3.99479150772 1.9921079874 -0.10998531431 
-4.03026771545 1.9898276329 -0.130026459694 
-4.06831073761 1.9871172905 -0.141741976142 
-4.10662078857 1.98417258263 -0.145593464375 
-4.14316034317 1.9812233448 -0.144075602293 
-4.17741966248 1.97835659981 -0.13890658319 
-4.20945215225 1.97556912899 -0.130119025707 
-4.23873853683 1.97287237644 -0.116620235145 
-4.26326370239 1.97037184238 -0.0963750258088 
-4.28158044815 1.96823275089 -0.0712304860353 
-4.2934513092 1.96654582024 -0.0438464134932 
-4.30056381226 1.96525835991 -0.0172254219651 
-4.305331707 1.96421897411 0.0071270079352 
-4.30894851685 1.96332168579 0.0296200439334 
-4.3127951622 1.96243703365 0.0509661249816 
-4.31777524948 1.96145832539 0.0724566355348 
-4.32383298874 1.96034646034 0.0956979319453 
-4.33017683029 1.95912337303 0.122202314436 
-4.33505582809 1.95790147781 0.152963250875 
-4.33596229553 1.95688188076 0.187926977873 
-4.33029794693 1.95630812645 0.225735023618 
-4.31587171555 1.95643138885 0.263555496931 
-4.2917470932 1.95743107796 0.29751932621 
-4.25993490219 1.95915734768 0.327246934175 
-4.22262096405 1.96127080917 0.358849614859 
