-4.60815000534 6.84780406952 0.508194506168 
-4.59564352036 6.84786510468 0.507898926735 
-4.58316326141 6.84804821014 0.507014214993 
-4.57073545456 6.84835338593 0.505540132523 
-4.55839967728 6.84879302979 0.503414988518 
-4.54617977142 6.84935665131 0.500692129135 
-4.53413295746 6.85006093979 0.497288942337 
-4.52238416672 6.8509478569 0.493006587029 
-4.51102352142 6.85201740265 0.48783788085 
-4.50015068054 6.85327196121 0.481777340174 
-4.48987102509 6.85471010208 0.474829763174 
-4.48021221161 6.85630273819 0.467134147882 
-4.47121953964 6.85803365707 0.458773344755 
-4.46288871765 6.85987520218 0.449876368046 
-4.45515394211 6.86179351807 0.440608978271 
-4.44795084 6.86376333237 0.43109062314 
-4.44126558304 6.86577749252 0.421361237764 
-4.43503665924 6.86782026291 0.411491602659 
-4.42920970917 6.86988353729 0.401525944471 
-4.42374324799 6.87196111679 0.391486257315 
-4.41865921021 6.87405967712 0.38134855032 
-4.4139380455 6.87617731094 0.371118783951 
-4.40951490402 6.87830924988 0.36081930995 
-4.40540933609 6.8804602623 0.350426375866 
-4.40158367157 6.88263082504 0.339941263199 
-4.39805936813 6.88482475281 0.329342037439 
-4.39477014542 6.88704156876 0.318630814552 
-4.39172172546 6.8892865181 0.307784348726 
-4.38887405396 6.89156341553 0.296785444021 
-4.38623380661 6.89387750626 0.285605728626 
-4.38381814957 6.89623498917 0.274217009544 
-4.38162279129 6.89864110947 0.262591660023 
-4.37962961197 6.90110349655 0.250697165728 
-4.37789726257 6.90362691879 0.238505572081 
-4.37644958496 6.90621709824 0.225989893079 
-4.37536334991 6.90887784958 0.213136851788 
-4.37468862534 6.91161060333 0.19993545115 
-4.37447738647 6.91441631317 0.186380460858 
-4.37482738495 6.9172911644 0.172491505742 
-4.37579011917 6.92023229599 0.158281356096 
-4.37742137909 6.92323589325 0.143771067262 
-4.37980031967 6.92629289627 0.129003211856 
-4.38297557831 6.92939519882 0.114014312625 
-4.38693380356 6.93254470825 0.0987982079387 
-4.39174318314 6.93573045731 0.0834083482623 
-4.397397995 6.93895292282 0.0678400024772 
-4.40393924713 6.94220542908 0.0521261356771 
-4.41141080856 6.94547986984 0.036307618022 
-4.41984558105 6.94876861572 0.0204185396433 
-4.42928695679 6.95206165314 0.00450956448913 
-4.4397816658 6.95534515381 -0.011352179572 
-4.45152807236 6.95854043961 -0.026789965108 
-4.46457958221 6.96159648895 -0.0415537804365 
-4.47905874252 6.96439981461 -0.0550967268646 
-4.49500846863 6.96681594849 -0.066768720746 
-4.51218414307 6.96882963181 -0.0764974877238 
-4.53034067154 6.97043371201 -0.0842489227653 
-4.54927062988 6.97158575058 -0.0898143276572 
-4.56869029999 6.97233343124 -0.0934244841337 
-4.58837413788 6.97272014618 -0.0952945798635 
-4.60815000534 6.97283029556 -0.095826856792 
-4.6279258728 6.97272014618 -0.0952947437763 
-4.64760971069 6.97233343124 -0.0934249013662 
-4.66702890396 6.97158622742 -0.0898149833083 
-4.68595933914 6.97043418884 -0.0842498913407 
-4.70411586761 6.96882963181 -0.0764986649156 
-4.72129201889 6.96681594849 -0.0667702630162 
-4.73724222183 6.96440029144 -0.0550985559821 
-4.75172138214 6.96159696579 -0.0415558107197 
-4.764772892 6.95854091644 -0.0267921537161 
-4.77651977539 6.95534563065 -0.0113543979824 
-4.78701448441 6.95206260681 0.00450735725462 
-4.79645586014 6.9487695694 0.0204163659364 
-4.80489063263 6.94548034668 0.0363054536283 
-4.81236219406 6.94220638275 0.0521240346134 
-4.81890392303 6.93895339966 0.0678379535675 
-4.82455873489 6.93573093414 0.0834063887596 
-4.82936859131 6.93254566193 0.0987963452935 
-4.83332681656 6.92939567566 0.114012569189 
-4.8365020752 6.92629337311 0.12900160253 
-4.83888101578 6.92323637009 0.143769577146 
-4.84051275253 6.92023324966 0.158280014992 
-4.84147548676 6.91729164124 0.172490298748 
-4.84182548523 6.91441679001 0.186379417777 
-4.84161424637 6.91161108017 0.199934571981 
-4.84093952179 6.90887832642 0.21313610673 
-4.83985328674 6.90621757507 0.225989297032 
-4.83840560913 6.90362691879 0.238505154848 
-4.8366727829 6.90110349655 0.250696897507 
-4.83468008041 6.89864110947 0.262591540813 
-4.83248472214 6.89623498917 0.274217069149 
-4.83006858826 6.89387750626 0.28560590744 
-4.82742881775 6.89156341553 0.296785771847 
-4.82458114624 6.88928699493 0.307784825563 
-4.82153224945 6.88704156876 0.318631410599 
-4.81824302673 6.88482475281 0.329342752695 
-4.8147187233 6.88263034821 0.339942127466 
-4.81089305878 6.8804602623 0.350427389145 
-4.80678749084 6.87830877304 0.360820412636 
-4.80236434937 6.87617683411 0.371120005846 
-4.79764270782 6.87405967712 0.381349891424 
-4.79255867004 6.87196111679 0.391487658024 
-4.78709220886 6.86988306046 0.401527434587 
-4.78126525879 6.86781978607 0.411493182182 
-4.77503633499 6.86577749252 0.421362906694 
-4.7683506012 6.86376333237 0.431092351675 
-4.76114749908 6.86179304123 0.440610706806 
-4.75341272354 6.85987472534 0.449878066778 
-4.74508142471 6.85803318024 0.458775013685 
-4.73608875275 6.85630273819 0.467135757208 
-4.72642993927 6.85471010208 0.47483125329 
-4.71614980698 6.85327196121 0.481778740883 
-4.70527696609 6.85201740265 0.487839102745 
-4.69391584396 6.85094738007 0.493007600307 
-4.68216705322 6.85006093979 0.497289747 
-4.67012023926 6.84935665131 0.500692844391 
-4.6579003334 6.84879350662 0.50341552496 
-4.64556455612 6.84835338593 0.50554049015 
-4.63313674927 6.84804821014 0.507014513016 
-4.62065649033 6.84786510468 0.507899045944 
