-4.60815095901 5.00910568237 0.534762263298 
-4.58595752716 5.00910949707 0.535430550575 
-4.56349277496 5.00911712646 0.536844074726 
-4.54063367844 5.00912475586 0.538238286972 
-4.51743078232 5.00912761688 0.53875619173 
-4.49414014816 5.00912046432 0.537446379662 
-4.47092723846 5.00910282135 0.534282207489 
-4.44791650772 5.00907611847 0.529376745224 
-4.42500352859 5.00904273987 0.523307800293 
-4.40188550949 5.00900697708 0.516770303249 
-4.37839078903 5.00896930695 0.50990819931 
-4.35441732407 5.00892972946 0.502667486668 
-4.33041381836 5.00888347626 0.494224369526 
-4.30654335022 5.0088300705 0.484406918287 
-4.28278970718 5.00876903534 0.473302841187 
-4.25916576385 5.00870132446 0.460937827826 
-4.23608875275 5.00862455368 0.446959286928 
-4.21353530884 5.0085401535 0.431506752968 
-4.19140625 5.00844812393 0.414736390114 
-4.17051267624 5.00834655762 0.396159529686 
-4.15103912354 5.00823545456 0.375867784023 
-4.1316986084 5.00811958313 0.354719132185 
-4.11128950119 5.00800132751 0.333171755075 
-4.09045219421 5.00787830353 0.310681134462 
-4.07048273087 5.00774669647 0.286654442549 
-4.05206680298 5.00760602951 0.260958194733 
-4.03274059296 5.0074596405 0.234263554215 
-4.01062059402 5.00730800629 0.206596180797 
-3.98724675179 5.00714683533 0.177216812968 
-3.96662640572 5.00697422028 0.145578503609 
-3.94843578339 5.0067896843 0.111958138645 
-3.93204426765 5.00659608841 0.0765254199505 
-3.91824316978 5.00639247894 0.039447017014 
-3.90792250633 5.00618267059 0.00105452630669 
-3.90234565735 5.00596809387 -0.0380631275475 
-3.90355300903 5.00575590134 -0.0768354684114 
-3.91237044334 5.00555181503 -0.114111199975 
-3.92791557312 5.0053601265 -0.149155855179 
-3.94785475731 5.00517988205 -0.182020261884 
-3.97096896172 5.00501155853 -0.212697386742 
-3.9968829155 5.00485706329 -0.240952342749 
-4.02497959137 5.00471591949 -0.266751945019 
-4.05486822128 5.00458860397 -0.290019154549 
-4.08609867096 5.00447463989 -0.310784935951 
-4.11833190918 5.00437450409 -0.329070329666 
-4.1509141922 5.00428581238 -0.345271855593 
-4.18350982666 5.00420713425 -0.359646588564 
-4.21590566635 5.00413703918 -0.372416883707 
-4.24820232391 5.0040769577 -0.383461356163 
-4.28064060211 5.00402832031 -0.392356127501 
-4.31286430359 5.00398921967 -0.399485558271 
-4.34442996979 5.00395584106 -0.405615180731 
-4.37540006638 5.00392723083 -0.410801321268 
-4.40621948242 5.00390911102 -0.414082825184 
-4.4371919632 5.00390863419 -0.414190769196 
-4.4681725502 5.00392913818 -0.410439759493 
-4.49876785278 5.00397205353 -0.402639955282 
-4.52881717682 5.00404691696 -0.38892814517 
-4.55760717392 5.00415658951 -0.368924856186 
-4.58408927917 5.0042757988 -0.34715744853 
-4.60815095901 5.00433015823 -0.337243855 
-4.63221263885 5.0042757988 -0.347156524658 
-4.65869426727 5.00415658951 -0.368923872709 
-4.68748474121 5.00404691696 -0.388927400112 
-4.71753358841 5.00397205353 -0.402639508247 
-4.74812889099 5.00392961502 -0.410439580679 
-4.779109478 5.00390863419 -0.414190739393 
-4.81008195877 5.00390958786 -0.414082944393 
-4.84090185165 5.00392723083 -0.410801559687 
-4.87187194824 5.00395584106 -0.405615448952 
-4.90343761444 5.00398921967 -0.399485826492 
-4.93566131592 5.00402832031 -0.392356425524 
-4.96810007095 5.0040769577 -0.383461713791 
-5.00039625168 5.00413751602 -0.372417271137 
-5.03279256821 5.00420761108 -0.359647005796 
-5.06538820267 5.00428628922 -0.345272272825 
-5.09797048569 5.00437498093 -0.329070806503 
-5.13020372391 5.00447511673 -0.310785442591 
-5.16143417358 5.00458908081 -0.290019661188 
-5.1913228035 5.00471639633 -0.266752451658 
-5.21941995621 5.00485754013 -0.240952834487 
-5.24533367157 5.00501251221 -0.21269787848 
-5.26844787598 5.00518035889 -0.18202072382 
-5.28838729858 5.00536060333 -0.14915625751 
-5.30393218994 5.00555229187 -0.114111565053 
-5.31274986267 5.00575637817 -0.0768357887864 
-5.31395721436 5.00596904755 -0.0380633920431 
-5.30838060379 5.00618314743 0.00105433468707 
-5.29805994034 5.00639343262 0.0394468791783 
-5.28425884247 5.00659656525 0.0765253528953 
-5.26786708832 5.00679063797 0.111958138645 
-5.24967670441 5.00697469711 0.145578578115 
-5.22905635834 5.007147789 0.177216932178 
-5.20568227768 5.00730895996 0.206596374512 
-5.18356227875 5.00746011734 0.234263792634 
-5.16423606873 5.00760650635 0.260958492756 
-5.145819664 5.00774717331 0.286654770374 
-5.12585067749 5.00787878036 0.31068149209 
-5.10501289368 5.00800180435 0.333172112703 
-5.08460426331 5.00812005997 0.354719549417 
-5.06526327133 5.00823545456 0.375868231058 
-5.04578971863 5.00834655762 0.396160006523 
-5.02489614487 5.00844860077 0.414736837149 
-5.00276708603 5.0085401535 0.431507229805 
-4.98021364212 5.00862503052 0.446959733963 
-4.95713615417 5.00870132446 0.460938245058 
-4.93351221085 5.00876903534 0.473303288221 
-4.90975856781 5.0088300705 0.484407305717 
-4.88588809967 5.00888347626 0.494224727154 
-4.86188459396 5.0089302063 0.502667844296 
-4.837911129 5.00896978378 0.509908437729 
-4.81441640854 5.00900745392 0.516770601273 
-4.79129838943 5.00904273987 0.523308038712 
-4.76838541031 5.00907611847 0.529376983643 
-4.74537420273 5.00910282135 0.534282386303 
-4.72216176987 5.00912046432 0.537446439266 
-4.69887113571 5.00912761688 0.53875619173 
-4.67566823959 5.00912475586 0.538238227367 
-4.65280866623 5.00911712646 0.536843955517 
-4.63034439087 5.00910949707 0.535430490971 
