-4.60815048218 5.5996465683 0.363569974899 
-4.5878739357 5.59966182709 0.366352111101 
-4.56636333466 5.59969568253 0.372548013926 
-4.54334926605 5.59972906113 0.378630757332 
-4.51907587051 5.59975242615 0.382858604193 
-4.4937415123 5.5997633934 0.384922474623 
-4.46743202209 5.5997633934 0.384890347719 
-4.44006538391 5.59975290298 0.383005052805 
-4.4112610817 5.59973478317 0.379709601402 
-4.38002634048 5.59971380234 0.375814139843 
-4.34508466721 5.59969139099 0.371780902147 
-4.30495214462 5.59966897964 0.367671072483 
-4.25949668884 5.59963798523 0.362026959658 
-4.21071815491 5.59958457947 0.352262288332 
-4.16312646866 5.5994925499 0.335466563702 
-4.1225771904 5.59935235977 0.309846937656 
-4.08772468567 5.5991768837 0.277813076973 
-4.04575014114 5.59898996353 0.243737384677 
-3.93583297729 5.59883356094 0.215202018619 
-3.80122375488 5.59859848022 0.172224551439 
-3.71326994896 5.5982503891 0.108719006181 
-3.65248274803 5.59783840179 0.0335074588656 
-3.63411307335 5.59740543365 -0.0455510392785 
-3.64484572411 5.59698390961 -0.122546494007 
-3.68211460114 5.59660243988 -0.192163780332 
-3.73747420311 5.59627532959 -0.251921474934 
-3.79530978203 5.59598255157 -0.305437773466 
-3.86339855194 5.59575128555 -0.347658663988 
-3.94601511955 5.5956158638 -0.372343152761 
-4.03207874298 5.59555625916 -0.383285194635 
-4.09870052338 5.59546089172 -0.400723367929 
-4.15668296814 5.59535598755 -0.419873297215 
-4.21261024475 5.59526920319 -0.435687184334 
-4.26774692535 5.59520864487 -0.446761012077 
-4.32231330872 5.59517860413 -0.452259540558 
-4.37650632858 5.59518814087 -0.450511068106 
-4.42900562286 5.59523105621 -0.442623436451 
-4.47872877121 5.59529876709 -0.430352300406 
-4.52512550354 5.59537982941 -0.415472328663 
-4.56812334061 5.5954656601 -0.399866998196 
-4.60815048218 5.59551525116 -0.390754759312 
-4.64817762375 5.5954656601 -0.399866253138 
-4.69117546082 5.59538030624 -0.415471553802 
-4.73757171631 5.59529876709 -0.430351674557 
-4.78729486465 5.59523153305 -0.442622929811 
-4.83979463577 5.59518814087 -0.450510829687 
-4.89398765564 5.59517860413 -0.452259540558 
-4.948554039 5.5952091217 -0.446761250496 
-5.0036907196 5.59526968002 -0.435687571764 
-5.05961799622 5.59535598755 -0.419873744249 
-5.11760091782 5.59546136856 -0.400723814964 
-5.18422222137 5.59555673599 -0.383285313845 
-5.27028560638 5.59561634064 -0.372343242168 
-5.35290288925 5.59575176239 -0.347659051418 
-5.42099189758 5.59598302841 -0.305438250303 
-5.4788274765 5.59627628326 -0.251921951771 
-5.53418779373 5.59660387039 -0.192164212465 
-5.57145643234 5.59698486328 -0.122546866536 
-5.58218955994 5.59740638733 -0.0455513037741 
-5.56381988525 5.59783935547 0.0335073247552 
-5.50303220749 5.59825134277 0.10871899873 
-5.41507816315 5.59859895706 0.172224640846 
-5.28046798706 5.59883403778 0.215202093124 
-5.17055177689 5.59899044037 0.243737623096 
-5.1285777092 5.5991768837 0.277813494205 
-5.09372472763 5.59935235977 0.309847414494 
-5.05317497253 5.59949302673 0.335466980934 
-5.00558328629 5.59958457947 0.352262526751 
-4.95680427551 5.59963846207 0.362027078867 
-4.91134881973 5.59966897964 0.367671102285 
-4.87121629715 5.59969139099 0.371780961752 
-4.83627462387 5.59971380234 0.37581422925 
-4.80503940582 5.59973526001 0.379709720612 
-4.77623558044 5.59975290298 0.38300511241 
-4.74886894226 5.5997633934 0.384890317917 
-4.72255945206 5.5997633934 0.384922295809 
-4.69722509384 5.59975242615 0.382858276367 
-4.67295122147 5.59972906113 0.37863022089 
-4.64993715286 5.59969568253 0.372547358274 
-4.62842702866 5.59966182709 0.366351604462 
