-4.60815095901 5.18079710007 0.505232155323 
-4.58741283417 5.18079710007 0.507603466511 
-4.5660161972 5.18079710007 0.512777149677 
-4.54357147217 5.18079710007 0.519634008408 
-4.51998996735 5.18079710007 0.526659429073 
-4.49541044235 5.1807975769 0.532647013664 
-4.47000789642 5.18079710007 0.53705561161 
-4.44368982315 5.18079710007 0.540330290794 
-4.41642808914 5.18079710007 0.542511224747 
-4.38814163208 5.18079710007 0.543687045574 
-4.35875511169 5.18079710007 0.543860912323 
-4.32856035233 5.18079710007 0.542426407337 
-4.29802894592 5.18079710007 0.538740873337 
-4.26791238785 5.18079710007 0.5320546031 
-4.23874664307 5.18079710007 0.522159874439 
-4.21060800552 5.18079710007 0.509437739849 
-4.18382978439 5.18079710007 0.493955254555 
-4.15837335587 5.18079710007 0.476117432117 
-4.13353586197 5.18079710007 0.456722587347 
-4.10853528976 5.18079710007 0.436349004507 
-4.08306741714 5.18079710007 0.415051817894 
-4.05794811249 5.18079710007 0.392237007618 
-4.03447008133 5.18079710007 0.367313921452 
-4.01225662231 5.1807975769 0.340637028217 
-3.99291348457 5.18079710007 0.311797499657 
-3.97735524178 5.18079710007 0.280915915966 
-3.9667994976 5.18079710007 0.248218148947 
-3.96299862862 5.18079710007 0.214076802135 
-3.96324729919 5.18079710007 0.179676830769 
-3.95713615417 5.18079710007 0.146012961864 
-3.93967843056 5.18079710007 0.111894726753 
-3.54241991043 5.18079710007 0.0560421273112 
-3.52242469788 5.18079710007 -0.0022196827922 
-3.51373147964 5.18079710007 -0.0614442750812 
-3.52129840851 5.18079710007 -0.119122877717 
-3.54167437553 5.18079710007 -0.173866763711 
-3.57492470741 5.18079710007 -0.223820850253 
-3.62437963486 5.18079710007 -0.265739709139 
-3.6985771656 5.18079710007 -0.293073654175 
-3.91696453094 5.18079710007 -0.24028223753 
-3.94005918503 5.18079710007 -0.273828148842 
-3.96808576584 5.18079710007 -0.303768366575 
-3.99970364571 5.18079710007 -0.330168098211 
-4.03252792358 5.18079710007 -0.354235351086 
-4.0660867691 5.18079710007 -0.376181960106 
-4.10062026978 5.18079710007 -0.395635843277 
-4.13670349121 5.18079710007 -0.411700487137 
-4.17379903793 5.18079710007 -0.424485117197 
-4.21136665344 5.18079710007 -0.434231817722 
-4.24865198135 5.18079710007 -0.441685140133 
-4.28519821167 5.18079710007 -0.447475403547 
-4.32068252563 5.18079710007 -0.452294051647 
-4.35532712936 5.18079710007 -0.455956786871 
-4.38977050781 5.18079710007 -0.45700520277 
-4.42420482635 5.18079710007 -0.454233676195 
-4.45813798904 5.18079710007 -0.447961449623 
-4.49127388 5.18079710007 -0.437968790531 
-4.5232758522 5.18079710007 -0.423984616995 
-4.55359315872 5.18079710007 -0.407185614109 
-4.5817489624 5.18079710007 -0.391888171434 
-4.60815095901 5.18079710007 -0.385171055794 
-4.63455295563 5.18079710007 -0.391887664795 
-4.66270828247 5.18079710007 -0.407184928656 
-4.69302558899 5.18079710007 -0.423983991146 
-4.72502803802 5.18079710007 -0.437968313694 
-4.75816392899 5.18079710007 -0.447961121798 
-4.79209709167 5.18079710007 -0.454233527184 
-4.82653093338 5.18079710007 -0.457005172968 
-4.86097478867 5.18079710007 -0.455956876278 
-4.8956193924 5.18079710007 -0.452294170856 
-4.93110370636 5.18079710007 -0.447475552559 
-4.96764993668 5.18079710007 -0.441685289145 
-5.00493526459 5.18079710007 -0.434232056141 
-5.0425028801 5.18079710007 -0.424485385418 
-5.07959842682 5.18079710007 -0.411700844765 
-5.11568164825 5.18079710007 -0.395636200905 
-5.15021562576 5.18079710007 -0.376182407141 
-5.18377399445 5.18079710007 -0.35423579812 
-5.21659851074 5.18079710007 -0.330168515444 
-5.24821662903 5.18079710007 -0.30376881361 
-5.27624320984 5.18079710007 -0.273828625679 
-5.29933786392 5.18079710007 -0.240282684565 
-5.51772499084 5.18079710007 -0.293073773384 
-5.59192276001 5.18079710007 -0.26573997736 
-5.64137792587 5.18079710007 -0.223821148276 
-5.67462825775 5.18079710007 -0.173867046833 
-5.6950044632 5.18079710007 -0.119123116136 
-5.70257139206 5.18079710007 -0.0614444576204 
-5.69387817383 5.18079710007 -0.00221980037168 
-5.67388296127 5.18079710007 0.0560420639813 
-5.27662420273 5.18079710007 0.111894726753 
-5.25916671753 5.18079710007 0.146013021469 
-5.25305557251 5.18079710007 0.179676949978 
-5.25330448151 5.18079710007 0.214076980948 
-5.24950313568 5.18079710007 0.248218387365 
-5.23894739151 5.18079710007 0.280916213989 
-5.22338914871 5.18079710007 0.31179779768 
-5.20404577255 5.18079710007 0.340637385845 
-5.18183279037 5.18079710007 0.367314308882 
-5.15835428238 5.18079710007 0.392237395048 
-5.13323497772 5.18079710007 0.415052205324 
-5.1077671051 5.18079710007 0.43634942174 
-5.0827665329 5.18079710007 0.456723034382 
-5.057929039 5.18079662323 0.47611784935 
-5.03247261047 5.18079710007 0.493955671787 
-5.00569438934 5.18079710007 0.509438097477 
-4.9775557518 5.18079710007 0.522160172462 
-4.94839000702 5.18079710007 0.532054841518 
-4.91827297211 5.18079710007 0.538741052151 
-4.8877415657 5.18079710007 0.542426526546 
-4.85754680634 5.18079710007 0.543860971928 
-4.82815980911 5.18079710007 0.543687045574 
-4.79987382889 5.18079710007 0.542511105537 
-4.77261161804 5.18079710007 0.540330171585 
-4.74629402161 5.18079710007 0.537055432796 
-4.72089099884 5.1807975769 0.532646715641 
-4.69631195068 5.18079710007 0.526659071445 
-4.67273044586 5.18079710007 0.51963365078 
-4.65028524399 5.18079710007 0.512776851654 
-4.62888908386 5.18079710007 0.507603228092 
