-4.60815048218 6.08617544174 0.532023906708 
-4.58587884903 6.0861697197 0.531015336514 
-4.56403112411 6.0861415863 0.525822043419 
-4.54303264618 6.08609437943 0.517191290855 
-4.52326869965 6.08602952957 0.505389928818 
-4.50570774078 6.08593654633 0.488374739885 
-4.49281263351 6.08578681946 0.461027979851 
-4.54023933411 6.08481168747 0.282970756292 
-4.53621721268 6.08472728729 0.267621308565 
-4.531291008 6.08466863632 0.256902009249 
-4.52592229843 6.08462285995 0.248480513692 
-4.52031803131 6.08458375931 0.241307482123 
-4.51448059082 6.0845489502 0.23498339951 
-4.5083823204 6.08451747894 0.229261144996 
-4.50190973282 6.08448886871 0.224050104618 
-4.49493312836 6.08446264267 0.219275042415 
-4.4874253273 6.08443784714 0.214759454131 
-4.479388237 6.08441352844 0.210327595472 
-4.47103595734 6.08438825607 0.205677688122 
-4.46257734299 6.08436059952 0.200594559312 
-4.45410060883 6.0843296051 0.194999068975 
-4.44570350647 6.0842962265 0.18882919848 
-4.43738031387 6.08425951004 0.182090252638 
-4.42915773392 6.08421897888 0.174767553806 
-4.42109823227 6.0841755867 0.166835725307 
-4.41329193115 6.08412837982 0.158271104097 
-4.40605640411 6.08407783508 0.149015381932 
-4.39903354645 6.08402395248 0.139180019498 
-4.39192199707 6.08396720886 0.128785818815 
-4.38521289825 6.08390665054 0.117743127048 
-4.37913036346 6.08384275436 0.106059655547 
-4.3735203743 6.08377504349 0.0937633961439 
-4.36825323105 6.08370447159 0.080845810473 
-4.36342906952 6.08363056183 0.0673002079129 
-4.35927581787 6.08355283737 0.053160533309 
-4.35579824448 6.08347272873 0.0384430997074 
-4.35284090042 6.08338832855 0.0231058076024 
-4.35040712357 6.08330106735 0.00712267961353 
-4.34870386124 6.08320999146 -0.00945158023387 
-4.34783124924 6.08311653137 -0.0265776161104 
-4.34791231155 6.08301973343 -0.0441865734756 
-4.34907627106 6.08292150497 -0.0621825829148 
-4.35156345367 6.08282184601 -0.0803589075804 
-4.35551929474 6.08272218704 -0.0985140502453 
-4.36102056503 6.08262395859 -0.116453513503 
-4.36867189407 6.08253097534 -0.133415475488 
-4.37872123718 6.08244752884 -0.148743391037 
-4.39069223404 6.08237218857 -0.16247497499 
-4.40373516083 6.08230209351 -0.175289347768 
-4.41758871078 6.0822353363 -0.18737500906 
-4.43232584 6.08217477798 -0.198472559452 
-4.44800949097 6.08212137222 -0.208229929209 
-4.46462106705 6.0820775032 -0.216307327151 
-4.48196601868 6.08204221725 -0.222656488419 
-4.49972581863 6.08201503754 -0.227632403374 
-4.51770925522 6.08199453354 -0.23146635294 
-4.53587388992 6.08198070526 -0.233970046043 
-4.55415678024 6.08197593689 -0.234837681055 
-4.57240533829 6.08198022842 -0.234024465084 
-4.59041929245 6.08198976517 -0.232266262174 
-4.60815048218 6.08199548721 -0.231276005507 
-4.62588167191 6.081990242 -0.232266038656 
-4.64389514923 6.08198022842 -0.23402428627 
-4.66214418411 6.08197593689 -0.234837651253 
-4.68042707443 6.08198070526 -0.233970209956 
-4.69859170914 6.08199453354 -0.231466680765 
-4.71657514572 6.08201551437 -0.227632850409 
-4.73433494568 6.08204269409 -0.222657039762 
-4.75167989731 6.0820775032 -0.216308027506 
-4.76829195023 6.08212184906 -0.208230763674 
-4.78397512436 6.08217525482 -0.198473528028 
-4.79871273041 6.08223581314 -0.187376081944 
-4.81256628036 6.08230209351 -0.175290435553 
-4.82560968399 6.08237218857 -0.162476062775 
-4.83758068085 6.08244752884 -0.148744568229 
-4.84763050079 6.08253145218 -0.133416771889 
-4.855281353 6.08262443542 -0.116454869509 
-4.86078357697 6.08272218704 -0.0985154137015 
-4.86473941803 6.08282184601 -0.0803602263331 
-4.86722660065 6.08292150497 -0.0621838383377 
-4.86839056015 6.08301973343 -0.0441877506673 
-4.86847162247 6.08311653137 -0.0265786927193 
-4.86759901047 6.08320999146 -0.00945254974067 
-4.86589622498 6.08330106735 0.00712182885036 
-4.86346197128 6.08338880539 0.0231050830334 
-4.86050462723 6.08347225189 0.0384425073862 
-4.85702705383 6.08355331421 0.0531600601971 
-4.85287380219 6.08363056183 0.0672998577356 
-4.84805011749 6.08370447159 0.0808455720544 
-4.84278249741 6.08377552032 0.0937632843852 
-4.83717250824 6.0838432312 0.106059655547 
-4.83108997345 6.08390665054 0.117743238807 
-4.82438087463 6.08396720886 0.128786027431 
-4.81726932526 6.08402442932 0.139180317521 
-4.81024599075 6.08407783508 0.149015784264 
-4.80301094055 6.08412885666 0.158271566033 
-4.7952041626 6.0841755867 0.166836261749 
-4.78714466095 6.08421897888 0.174768134952 
-4.77892208099 6.0842590332 0.182090878487 
-4.77059841156 6.0842962265 0.188829854131 
-4.7622013092 6.08433008194 0.194999754429 
-4.75372457504 6.08436059952 0.200595274568 
-4.74526596069 6.08438825607 0.205678373575 
-4.73691320419 6.08441400528 0.210328295827 
-4.72887659073 6.08443832397 0.21476021409 
-4.72136831284 6.08446264267 0.219275891781 
-4.71439218521 6.08448886871 0.224051117897 
-4.70791959763 6.08451747894 0.22926223278 
-4.70182132721 6.0845489502 0.23498468101 
-4.69598340988 6.08458375931 0.241308957338 
-4.69037914276 6.08462285995 0.248482212424 
-4.6850104332 6.08466911316 0.256904125214 
-4.68008470535 6.08472776413 0.267623960972 
-4.67606306076 6.08481168747 0.282975524664 
-4.72348976135 6.08578681946 0.461031973362 
-4.71059370041 6.08593654633 0.488376945257 
-4.69303226471 6.08603000641 0.505391299725 
-4.67326831818 6.08609437943 0.51719224453 
-4.65226984024 6.0861415863 0.525822758675 
-4.63042163849 6.08617019653 0.531015634537 
