-4.60815048218 5.8002409935 0.232579171658 
-4.6015996933 5.8002409935 0.232612639666 
-4.59500408173 5.80024194717 0.232695177197 
-4.5883231163 5.80024242401 0.232799902558 
-4.5815205574 5.80024242401 0.232897639275 
-4.57456588745 5.80024337769 0.232953712344 
-4.56742620468 5.80024290085 0.232950985432 
-4.56007528305 5.80024242401 0.23285484314 
-4.55247402191 5.80024147034 0.232665836811 
-4.54457426071 5.80024003983 0.232390224934 
-4.53624916077 5.80023860931 0.232151150703 
-4.52730512619 5.80023860931 0.232105672359 
-4.51746892929 5.80024003983 0.232426702976 
-4.50651264191 5.80024385452 0.233126819134 
-4.49443864822 5.80024814606 0.23390455544 
-4.48148441315 5.80025053024 0.234280481935 
-4.46782636642 5.80024862289 0.233962804079 
-4.45362663269 5.80024194717 0.232745662332 
-4.43906211853 5.80022954941 0.230464503169 
-4.42438077927 5.80021047592 0.226956129074 
-4.40978717804 5.80018377304 0.222139954567 
-4.3954372406 5.80015039444 0.215997681022 
-4.38135576248 5.80010986328 0.208590492606 
-4.36710453033 5.80006313324 0.200144082308 
-4.35274457932 5.80001163483 0.190601676702 
-4.3389210701 5.79995155334 0.179755225778 
-4.32570505142 5.79988527298 0.167651206255 
-4.3118391037 5.79981374741 0.154546961188 
-4.29578208923 5.79973649979 0.140447303653 
-4.27694606781 5.79965162277 0.124973960221 
-4.25289726257 5.79955673218 0.10761655122 
-4.21313428879 5.79944324493 0.0869149416685 
-4.10778331757 5.79926872253 0.055026628077 
-3.96190500259 5.79899597168 0.00526286615059 
-3.93480157852 5.79877281189 -0.0355060137808 
-3.92218470573 5.7985496521 -0.0761846601963 
-3.91430425644 5.79832172394 -0.117824338377 
-3.91713619232 5.79810380936 -0.157635018229 
-3.93032121658 5.79790401459 -0.194167897105 
-3.95183062553 5.79772520065 -0.22679002583 
-3.97891235352 5.79756689072 -0.255668759346 
-4.00959873199 5.7974281311 -0.28108176589 
-4.04246377945 5.79730558395 -0.303372591734 
-4.07774066925 5.79720449448 -0.321894466877 
-4.11408185959 5.7971200943 -0.337238192558 
-4.15049314499 5.79704999924 -0.350033938885 
-4.18604326248 5.79698896408 -0.3611741364 
-4.22057962418 5.79693555832 -0.370986491442 
-4.25439691544 5.79689025879 -0.379275888205 
-4.2879486084 5.79685640335 -0.385443538427 
-4.32148551941 5.7968378067 -0.388894528151 
-4.35465812683 5.79683208466 -0.389883041382 
-4.38704633713 5.79683685303 -0.388983637094 
-4.41859531403 5.79685211182 -0.386184096336 
-4.44921588898 5.79687786102 -0.381526470184 
-4.47899436951 5.79691696167 -0.374393552542 
-4.50773715973 5.79696941376 -0.364782959223 
-4.53495502472 5.79702615738 -0.35451489687 
-4.56058979034 5.79707860947 -0.344887763262 
-4.58485651016 5.79712247849 -0.336853265762 
-4.60815048218 5.79714298248 -0.33312857151 
-4.63144445419 5.79712247849 -0.336852639914 
-4.65571117401 5.79707860947 -0.344886958599 
-4.68134593964 5.79702615738 -0.3545140028 
-4.70856332779 5.79696989059 -0.364782094955 
-4.73730611801 5.79691696167 -0.374392807484 
-4.76708507538 5.79687786102 -0.381525993347 
-4.79770565033 5.79685258865 -0.386183738708 
-4.82925415039 5.79683685303 -0.388983458281 
-4.86164283752 5.79683208466 -0.389882981777 
-4.89481544495 5.7968378067 -0.388894528151 
-4.92835235596 5.79685640335 -0.385443717241 
-4.96190404892 5.79689025879 -0.379276156425 
-4.99572181702 5.79693555832 -0.370986819267 
-5.03025817871 5.79698991776 -0.361174494028 
-5.0658082962 5.79705047607 -0.350034296513 
-5.1022195816 5.79712057114 -0.337238579988 
-5.13856077194 5.79720449448 -0.321894884109 
-5.17383766174 5.79730606079 -0.303373098373 
-5.20670318604 5.7974281311 -0.281082302332 
-5.23738956451 5.79756736755 -0.25566932559 
-5.26447105408 5.79772567749 -0.226790547371 
-5.28598070145 5.79790401459 -0.194168373942 
-5.29916572571 5.79810428619 -0.157635450363 
-5.30199766159 5.79832220078 -0.117824688554 
-5.29411697388 5.79855060577 -0.0761848986149 
-5.28149986267 5.79877328873 -0.0355061814189 
-5.2543964386 5.79899644852 0.00526279211044 
-5.10851669312 5.79926872253 0.055026743561 
-5.00316810608 5.79944372177 0.0869148671627 
-4.96340513229 5.79955673218 0.10761655122 
-4.93935632706 5.79965162277 0.124974049628 
-4.92052030563 5.79973697662 0.140447467566 
-4.90446329117 5.79981374741 0.154547199607 
-4.89059686661 5.79988527298 0.167651534081 
-4.87738084793 5.79995155334 0.179755613208 
-4.86355733871 5.80001115799 0.190602079034 
-4.8491973877 5.80006361008 0.200144529343 
-4.83494615555 5.80010986328 0.208590969443 
-4.82086467743 5.80015087128 0.21599817276 
-4.80651426315 5.80018377304 0.222140401602 
-4.79192066193 5.80021047592 0.226956501603 
-4.77723884583 5.80022954941 0.23046477139 
-4.76267433167 5.80024194717 0.232745870948 
-4.74847412109 5.80024862289 0.233962878585 
-4.73481607437 5.80025053024 0.23428042233 
-4.72186231613 5.80024862289 0.233904391527 
-4.70978784561 5.80024385452 0.233126610518 
-4.69883155823 5.80024003983 0.232426553965 
-4.68899583817 5.80023860931 0.232105612755 
-4.68005180359 5.80023860931 0.232151180506 
-4.67172670364 5.80024003983 0.232390269637 
-4.66382694244 5.80024194717 0.232665881515 
-4.6562256813 5.80024242401 0.232854872942 
-4.64887475967 5.80024337769 0.232950970531 
-4.6417350769 5.80024337769 0.232953697443 
-4.63477993011 5.80024290085 0.232897594571 
-4.62797784805 5.80024242401 0.232799872756 
-4.62129688263 5.80024194717 0.232695132494 
-4.61470127106 5.80024147034 0.232612609863 
