-4.18297052383 2.66769647598 0.501281678677 
-4.12783432007 2.67453670502 0.483815819025 
-4.07673358917 2.68080258369 0.462399929762 
-4.0305929184 2.68633580208 0.434184968472 
-3.99204587936 2.69077467918 0.397548019886 
-3.96283197403 2.69392371178 0.354502081871 
-3.94290065765 2.69583702087 0.308377325535 
-3.92873287201 2.69702124596 0.263106763363 
-3.91897058487 2.69765543938 0.218971908092 
-3.91411924362 2.69766664505 0.175415337086 
-3.91660571098 2.69674372673 0.132492110133 
-3.92786192894 2.69472503662 0.0917790085077 
-3.94530701637 2.69196176529 0.0546952039003 
-3.9641456604 2.68905568123 0.0201754961163 
-3.98432683945 2.68599748611 -0.0128809381276 
-4.00742387772 2.68258738518 -0.0443162731826 
-4.03471279144 2.67867684364 -0.0730109885335 
-4.06610488892 2.674284935 -0.0984623134136 
-4.10148286819 2.66943573952 -0.120003439486 
-4.140583992 2.66417336464 -0.136893674731 
-4.18297052383 2.65857434273 -0.147690206766 
-4.22765493393 2.65278029442 -0.151363730431 
-4.27304029465 2.64701843262 -0.146322518587 
-4.31668424606 2.64162015915 -0.13134495914 
-4.35650253296 2.63683819771 -0.107500165701 
-4.39086341858 2.63286209106 -0.0762327387929 
-4.41937208176 2.62971115112 -0.0397507846355 
-4.4412689209 2.6274664402 0.000761030009016 
-4.45742321014 2.62599229813 0.0435693897307 
-4.46848249435 2.62519407272 0.0879008769989 
-4.47380638123 2.62515091896 0.133498445153 
-4.47568893433 2.62556600571 0.180240467191 
-4.47496938705 2.62634587288 0.229147344828 
-4.47047519684 2.62765479088 0.281173437834 
-4.45921278 2.6298699379 0.335804134607 
-4.43747758865 2.63342523575 0.390007019043 
-4.4037194252 2.63846158981 0.439674675465 
-4.35832023621 2.64486598969 0.480228811502 
-4.30312585831 2.65232133865 0.505995035172 
-4.24244403839 2.66019892693 0.511632323265 
