2.64521256596e-08 1.78813533414e-07 0.352774584184 
0.0276289250746 5.8111130321e-08 0.351057198912 
0.0548010137031 1.07676117711e-07 0.345999997034 
0.0810179975075 1.40576456391e-07 0.337462934314 
0.10562851693 1.91925945251e-07 0.325091268582 
0.127907302653 -2.01938372869e-07 0.308795469779 
0.147460964021 1.20532004639e-07 0.289408263446 
0.164422538598 2.59934618137e-07 0.268312880588 
0.179111030443 3.7566221471e-07 0.246525089863 
0.191878822215 -5.23835837055e-07 0.224661326322 
0.202916171939 -1.65784133378e-07 0.202916095283 
0.212401416713 -1.52369611649e-07 0.181407824177 
0.220602062183 1.79099381705e-07 0.160276738662 
0.227640655498 -4.67741605128e-07 0.139498348664 
0.23356201935 1.80444035506e-07 0.119005833923 
0.238480594659 -1.66031443545e-07 0.0987819409971 
0.242217567489 1.33781129764e-07 0.0787011645098 
0.244808223792 7.29475425759e-08 0.0587732295509 
0.246187236874 1.60914047293e-07 0.0389921783568 
0.246200588336 -1.79951678368e-07 0.0193764035236 
0.245150116098 7.52190139785e-08 3.47973043406e-10 
0.24308588806 -5.87952947024e-08 -0.0191312697297 
0.240192440205 3.35961403355e-08 -0.0380427282416 
0.236534145547 1.6261427177e-07 -0.0567867881222 
0.232184913848 -1.98577052977e-07 -0.0754413864986 
0.227087524647 -2.65396782759e-07 -0.0940627196462 
0.221116569772 3.6973142094e-08 -0.112664458244 
0.214128998075 7.72340751298e-08 -0.131218409536 
0.206007507617 4.99333629034e-08 -0.149673035086 
0.196667698219 -3.64777812722e-07 -0.167969937187 
0.185973194454 -3.8819930232e-09 -0.185973206981 
0.173870590561 7.06407508821e-08 -0.203576003628 
0.160238293063 3.23098609873e-08 -0.220548807603 
0.14481642571 8.27079416068e-08 -0.236318950137 
0.127627399846 -8.06614578561e-08 -0.250482910842 
0.108728435931 -1.18014689813e-07 -0.262493233337 
0.0883450779394 -1.20521786888e-07 -0.271897899519 
0.0669117245227 -3.59471629947e-08 -0.278706416187 
0.0448103222445 1.5120176069e-07 -0.282921584715 
0.0224218639947 -3.06590704253e-08 -0.284892621638 
2.71421727587e-08 -1.01018472204e-07 -0.285316745209 
-0.0224213328742 -4.77951391283e-08 -0.284892725993 
-0.0448102679655 1.17690053136e-07 -0.282921927534 
-0.0669116702527 -8.52812002123e-08 -0.278707057072 
-0.0883450236841 -1.84905751438e-07 -0.271898883172 
-0.108728858533 -1.96537938162e-07 -0.262494574656 
-0.127628299311 -1.73130961122e-07 -0.250484431013 
-0.144817325206 -2.19491908717e-08 -0.236320723662 
-0.160239192593 -8.44041783921e-08 -0.220550603512 
-0.173871966965 -5.67578856528e-08 -0.203577814468 
-0.185975047733 -1.41042779479e-07 -0.185974980594 
-0.196669551537 -3.40033309608e-08 -0.167971626258 
-0.206009360974 -1.04151054597e-07 -0.14967460758 
-0.21413132831 -8.40600720975e-08 -0.131219836764 
-0.221118900046 -1.30747248977e-07 -0.112665719714 
-0.227089854962 3.79644983968e-08 -0.0940637899278 
-0.232187244203 9.96696817487e-08 -0.0754422579568 
-0.236536475943 -2.05360480429e-08 -0.0567874554507 
-0.240195247478 3.2318285141e-07 -0.0380431731777 
-0.243088695375 -2.49466143444e-07 -0.0191315086704 
-0.245152923453 -1.18387726406e-07 -1.82167388209e-10 
-0.246203395734 1.01217909114e-07 0.0193766291166 
-0.246189567477 -3.60413220227e-08 0.0389926397535 
-0.244811031274 -1.24061420284e-07 0.0587738995637 
-0.242219898178 -6.24057681957e-08 0.0787020580422 
-0.238483402228 1.16420255257e-07 0.0987830457622 
-0.233564350126 -1.11105401169e-08 0.1190071298 
-0.227642986318 -1.79013892892e-07 0.139499870679 
-0.220604393048 -4.09707351124e-09 0.160278377288 
-0.212403270787 1.46598061491e-07 0.181409674045 
-0.202918026059 1.4002160629e-07 0.202918064379 
-0.191880676382 -2.09966266561e-07 0.22466341465 
-0.17911240782 2.22295611642e-07 0.246527265013 
-0.164423439185 1.18168339573e-07 0.268315055769 
-0.147461864654 -7.18614532118e-09 0.289410319457 
-0.127907726491 1.63595305011e-07 0.308797349632 
-0.105628940803 1.00509077307e-07 0.325092728645 
-0.0810179445701 7.05542889769e-08 0.337464036808 
-0.0548009607842 6.04803670277e-08 0.346000712161 
-0.0276288721666 3.43328736895e-08 0.351057556475 
