-4.60815000534 6.44773578644 0.620836377144 
-4.56985998154 6.44757032394 0.590596199036 
-4.53948926926 6.44727993011 0.537580907345 
-4.50726175308 6.44720697403 0.524306118488 
-4.4747672081 6.4471540451 0.514586389065 
-4.44329023361 6.44708538055 0.502082407475 
-4.41428136826 6.44698953629 0.484565109015 
-4.38888406754 6.44686508179 0.461886137724 
-4.36734724045 6.44672060013 0.435513585806 
-4.34909486771 6.44656658173 0.407392323017 
-4.33560323715 6.44639825821 0.37662473321 
-4.32475709915 6.4462313652 0.346119076014 
-4.31509494781 6.44607162476 0.316995859146 
-4.3075094223 6.44591474533 0.288312345743 
-4.30236959457 6.44575881958 0.259882867336 
-4.29965543747 6.44560527802 0.231862932444 
-4.29842758179 6.44545698166 0.204715669155 
-4.29435014725 6.44531822205 0.179417774081 
-4.28219652176 6.44518852234 0.155707463622 
-4.28365039825 6.44504547119 0.129620566964 
-4.27843570709 6.4449057579 0.104082293808 
-4.25741767883 6.44475460052 0.0764794722199 
-4.24623155594 6.44459199905 0.0467608943582 
-4.29211568832 6.44449043274 0.0282103605568 
-4.30467176437 6.44436502457 0.00547769060358 
-4.31439161301 6.44423913956 -0.0175946522504 
-4.32485294342 6.4441151619 -0.0402625240386 
-4.33692121506 6.44399547577 -0.0621243081987 
-4.34929037094 6.44387578964 -0.0839873105288 
-4.36179733276 6.44375324249 -0.106319352984 
-4.3752322197 6.44363021851 -0.128832086921 
-4.39000415802 6.44350671768 -0.151330009103 
-4.40647029877 6.44338560104 -0.173501878977 
-4.42574739456 6.44327545166 -0.193567052484 
-4.4482216835 6.44318675995 -0.209789991379 
-4.47282218933 6.44311618805 -0.222623243928 
-4.49883127213 6.44306325912 -0.232361227274 
-4.52594423294 6.44303035736 -0.238324135542 
-4.5535902977 6.44301939011 -0.240389153361 
-4.58105039597 6.44301986694 -0.240245208144 
-4.60815000534 6.44302225113 -0.239871785045 
-4.63524961472 6.44302034378 -0.24024514854 
-4.66270971298 6.44301939011 -0.240389212966 
-4.69035577774 6.44303035736 -0.238324612379 
-4.71746873856 6.44306325912 -0.23236207664 
-4.74347829819 6.44311666489 -0.222624406219 
-4.76807880402 6.44318675995 -0.209791466594 
-4.79055356979 6.4432759285 -0.193568810821 
-4.80983114243 6.44338560104 -0.173503905535 
-4.82629776001 6.44350719452 -0.15133202076 
-4.84106969833 6.44363021851 -0.128834009171 
-4.85450458527 6.44375371933 -0.106321148574 
-4.86701154709 6.44387578964 -0.0839889422059 
-4.87938070297 6.44399547577 -0.0621257387102 
-4.89144945145 6.44411563873 -0.0402638018131 
-4.9019112587 6.44423961639 -0.0175957679749 
-4.91163110733 6.44436597824 0.00547679746523 
-4.92418670654 6.44449043274 0.0282097272575 
-4.97007131577 6.44459199905 0.0467604137957 
-4.95888566971 6.44475460052 0.0764792189002 
-4.93786716461 6.4449057579 0.104082293808 
-4.93265247345 6.44504594803 0.129620835185 
-4.93410634995 6.44518852234 0.155707910657 
-4.92195224762 6.44531869888 0.179418459535 
-4.91787528992 6.44545698166 0.204716637731 
-4.91664743423 6.44560575485 0.231864184141 
-4.91393327713 6.44575881958 0.25988432765 
-4.9087934494 6.44591474533 0.288313984871 
-4.90120697021 6.44607210159 0.316997677088 
-4.89154529572 6.4462313652 0.346121132374 
-4.88069868088 6.44639873505 0.376626968384 
-4.86720705032 6.44656658173 0.407394528389 
-4.84895420074 6.44672107697 0.435515671968 
-4.82741689682 6.44686555862 0.461888194084 
-4.80201911926 6.44698953629 0.484566748142 
-4.77300977707 6.44708538055 0.502083659172 
-4.74153327942 6.4471540451 0.514587283134 
-4.7090382576 6.44720745087 0.524306952953 
-4.67681074142 6.44727993011 0.537582933903 
-4.64644050598 6.44757032394 0.590600967407 
