-2.33244945301e-07 -4.17441194099e-08 0.531556129044 
0.0274832300501 -1.86066905787e-08 0.524414074294 
0.053081279235 -2.28519184995e-07 0.505037445022 
0.0734341197032 -4.0573611437e-08 0.46364592949 
0.0891501956483 -5.97456680386e-08 0.419418560118 
0.11028838688 -1.66835407804e-07 0.411603260103 
0.131171470232 -2.97131528873e-07 0.403705108263 
0.150763278563 -3.87289272872e-07 0.39275205358 
0.168525939559 -1.41806950252e-07 0.378515957473 
0.184282069795 -4.110113392e-07 0.361674500458 
0.198585277212 -1.89384549065e-07 0.343959675977 
0.211940055521 -1.17050172974e-07 0.326359114498 
0.224451785734 -4.01295808033e-08 0.308931796542 
0.235962157915 -2.85967350952e-07 0.291389199709 
0.246352916448 -1.49378896871e-07 0.273602550093 
0.25578427862 -3.17159685045e-07 0.255784337679 
0.264683967359 -5.29943920563e-08 0.238322568751 
0.272992378022 4.57915034786e-08 0.221065096902 
0.280404334828 1.15731831743e-07 0.203725756689 
0.28638578016 2.07792090614e-08 0.185981068109 
0.290710216367 1.79408163556e-07 0.167841673043 
0.2936041411 -5.00115753229e-08 0.149598890047 
0.295173889044 -1.52557228543e-07 0.131419915476 
0.295525318049 7.56037469667e-08 0.11344167927 
0.295360809249 -7.83754697981e-08 0.0959685383054 
0.29589057535 -2.57275492479e-07 0.079283635748 
0.298291927295 -7.65864265214e-08 0.0634039165761 
0.302222972844 1.32253202528e-07 0.0478674509521 
0.308237319938 -1.9921549404e-08 0.0323970560883 
0.329839473732 -2.27425753907e-07 0.0172861717107 
0.336830383327 2.80113222997e-08 6.54260896909e-10 
0.303726440473 -7.45462748227e-08 -0.015917629153 
0.296665912688 -4.12861231502e-07 -0.0311808361699 
0.291586643295 -2.73448024102e-07 -0.0461828491025 
0.285870796296 -5.63779024037e-08 -0.0607637335774 
0.279540306199 1.23947443388e-07 -0.0749025984801 
0.273014312866 -9.30544341395e-08 -0.0887077136584 
0.266637092727 -2.34282203233e-07 -0.102352512574 
0.260402923736 -2.17824380302e-07 -0.115939023394 
0.25408721559 -6.10839569525e-08 -0.129464084559 
0.247776752653 -2.63779928022e-08 -0.143053932957 
0.241666084486 -2.7643034855e-07 -0.156940054106 
0.23568273184 -2.02995422414e-07 -0.171233517735 
0.229582554091 7.36872715474e-08 -0.185912385938 
0.223307377105 9.42372443354e-08 -0.201066922642 
0.216459041856 -1.41237570718e-08 -0.216459174391 
0.208526855746 -1.0953609774e-07 -0.231592656073 
0.199341541583 6.78912376037e-08 -0.246166552012 
0.188960319827 -2.57579566298e-08 -0.260081540007 
0.17726350435 -6.27478412997e-08 -0.272962118273 
0.164130455351 -6.27244656692e-08 -0.284282282939 
0.149748569833 -3.35456997376e-07 -0.293898386355 
0.134308105821 -2.69532289135e-07 -0.301660845072 
0.118043190361 -1.76018140717e-07 -0.307512841816 
0.101124531155 1.45201166556e-07 -0.311229692412 
0.0837791026899 -9.22130993097e-08 -0.312667796523 
0.0663325847449 -2.63122684667e-08 -0.312071591744 
0.0491163791459 -2.91058134901e-07 -0.310108931802 
0.0323484004751 -2.02546328173e-07 -0.307775389365 
0.0160348476167 -1.10414479556e-07 -0.30596490041 
-2.3234023773e-07 1.10218529492e-07 -0.305222705919 
-0.0160353122954 -1.24138940888e-07 -0.305964706733 
-0.0323483883127 -2.29562143813e-07 -0.307775121218 
-0.0491163669785 1.45513660361e-07 -0.31010866108 
-0.0663330494104 -7.93509991043e-08 -0.312071472679 
-0.0837790905169 -1.5796904389e-07 -0.312667871209 
-0.101124995823 6.72154916857e-08 -0.311230035352 
-0.118043655037 -2.66304344984e-07 -0.307513378505 
-0.134308570509 -3.71276312733e-07 -0.301661635112 
-0.149749511374 -4.48334344091e-07 -0.293899370141 
-0.164131396914 2.90849460511e-07 -0.284283442956 
-0.177264445937 -1.9580442297e-07 -0.272963385236 
-0.188961261442 -1.67399177742e-07 -0.260082926203 
-0.199342960065 -8.1622250478e-08 -0.246167997834 
-0.208528274259 -2.66303625041e-07 -0.231594101915 
-0.21646093724 -1.7715586255e-07 -0.21646062025 
-0.223309272522 -7.44481025097e-08 -0.201068323813 
-0.229584449541 -1.00565891789e-07 -0.185913675365 
-0.235684627322 9.42742175442e-08 -0.171234715159 
-0.241668456835 1.54813516353e-08 -0.15694113606 
-0.247778648195 -2.16672804956e-07 -0.143054916954 
-0.254089587999 -2.56933838175e-07 -0.129464964264 
-0.260405296174 5.76987293859e-08 -0.11593981482 
-0.266639465195 3.58457345156e-08 -0.102353217868 
-0.273016208526 -3.05310364259e-07 -0.0887083270499 
-0.279542201889 -9.39825779813e-08 -0.0749031168922 
-0.285873168853 -2.7981760533e-07 -0.0607641588724 
-0.291589015884 -2.51022036957e-08 -0.0461831749423 
-0.29666828531 -1.69097965173e-07 -0.0311810577142 
-0.303728813128 -3.13760255552e-07 -0.0159177490174 
-0.336832756016 -2.37999112317e-07 -7.41377442898e-11 
-0.329842323296 -1.1697384236e-08 0.0172862853658 
-0.308239692697 -2.64574883784e-07 0.0323972789358 
-0.302225345637 -1.08303183081e-07 0.0478677930201 
-0.298294300121 -3.1452792634e-07 0.0634043480582 
-0.29589294821 -1.72249792188e-08 0.0792842039551 
-0.295363182145 1.61277371603e-07 0.0959692555231 
-0.295528167821 -1.62274763028e-07 0.113442498182 
-0.295176262018 8.60191552699e-08 0.131420856208 
-0.293606514113 1.892332705e-07 0.149599935089 
-0.290712589419 -5.63811716056e-08 0.167842804886 
-0.286387676414 2.64908843449e-07 0.185982262176 
-0.28040623112 -1.12407946116e-07 0.20372697796 
-0.272994274352 -1.76821152469e-07 0.221066377792 
-0.264685863726 2.07294839707e-07 0.238323941676 
-0.255785698187 -5.01682169338e-08 0.255785770227 
-0.246354336054 -3.52095502917e-07 0.273604039654 
-0.235963577559 -3.81112885756e-09 0.291390721706 
-0.224453205416 -2.25876338689e-07 0.308933345755 
-0.211941475241 -2.93079087483e-07 0.326360693539 
-0.198586220133 -3.54866430223e-07 0.343961255047 
-0.184283489592 -8.83675404876e-08 0.36167608217 
-0.168526882554 -2.82896833756e-07 0.378517417401 
-0.150763744752 -5.12392505314e-07 0.392753155923 
-0.131171936445 7.15366351673e-08 0.403705945044 
-0.11028885311 -2.57199297203e-07 0.411603855902 
-0.0891506618956 -1.3570075793e-07 0.419419573189 
-0.0734355397206 -1.43614283022e-07 0.463654154648 
-0.0530817456674 -2.82517502323e-07 0.505039650246 
-0.0274836965246 -4.55342947053e-08 0.524415027895 
