0.287025590041 -1.72773549988e-07 1.43922978776e-08 
0.268719334805 -2.0736024448e-07 -0.0425609056093 
0.251405377686 5.86393441172e-08 -0.0816865145684 
0.235440869724 -2.80659156075e-07 -0.11996306158 
0.219522614969 -1.55937875023e-07 -0.159492432654 
0.198071618666 -4.58957589769e-07 -0.198071388811 
0.167838712405 -2.3801607766e-07 -0.231009779919 
0.129272123105 -4.55608597742e-07 -0.25371075882 
0.0857082803564 -3.28091599401e-07 -0.263781909233 
0.0414124925393 -3.24990615772e-07 -0.261467915176 
1.39015179074e-07 -1.34411593544e-07 -0.258167059342 
-0.0414122144926 1.380902939e-08 -0.26146788015 
-0.085708002298 -1.6126474797e-07 -0.263782112043 
-0.129272321933 -4.64333859557e-07 -0.253711273719 
-0.167838911345 7.99011233817e-08 -0.231010527098 
-0.198071817767 -2.52415180933e-07 -0.198072225246 
-0.219523291099 -1.71299017357e-08 -0.159493194939 
-0.235441546048 -1.82005011571e-07 -0.119963645729 
-0.251406054198 -3.57647257031e-07 -0.0816868741308 
-0.268720011509 -1.92490442269e-07 -0.0425611153942 
-0.287026743792 -2.03495465446e-07 1.66106932167e-08 
-0.301297049542 -4.06192466727e-07 0.0477208024931 
-0.299177031659 3.35272016326e-08 0.0972086007225 
-0.29224477318 -3.31949265578e-07 0.148906300606 
-0.28936896843 -3.58255208392e-07 0.210239035565 
-0.271224837873 -1.22973483234e-07 0.271225060054 
-0.23852239203 -1.41970630355e-07 0.328298257643 
-0.197488170526 -3.56877319455e-08 0.387592614085 
-0.146123748834 -4.22689337062e-07 0.449723965481 
-0.0771297036684 -1.03796757772e-07 0.486979556028 
1.3711875494e-07 -3.43730733596e-07 0.513076695385 
0.0771299780339 -3.4283320361e-07 0.486979239005 
0.146124023383 1.43931730461e-08 0.449723164237 
0.197487968543 8.09938004629e-08 0.387591584797 
0.238522190338 -3.54414265993e-07 0.328297326988 
0.271224636463 -2.1554251221e-07 0.271224218666 
0.289368290482 -3.88375465458e-07 0.210238194266 
0.292244095534 -3.38756343401e-07 0.148905622685 
0.29917587743 -4.08804157965e-07 0.0972081549264 
0.301294941882 1.17783185444e-07 0.0477203826144 
