-4.60815000534 6.71817588806 0.554086387157 
-4.5726776123 6.71817159653 0.553307890892 
-4.53732585907 6.7181520462 0.549758136272 
-4.5027384758 6.71810817719 0.541662812233 
-4.470266819 6.71802759171 0.526954114437 
-4.44065713882 6.71791791916 0.506956756115 
-4.41423368454 6.71778774261 0.48317566514 
-4.39113330841 6.71764278412 0.456733107567 
-4.37124109268 6.71748876572 0.428671598434 
-4.35435056686 6.71733093262 0.399755626917 
-4.34007024765 6.71717166901 0.37067502737 
-4.32774114609 6.71701478958 0.342087417841 
-4.31698083878 6.71686220169 0.314142853022 
-4.30757236481 6.71671199799 0.286790698767 
-4.29948568344 6.71656513214 0.25986930728 
-4.29299974442 6.7164182663 0.233136713505 
-4.28849506378 6.71627187729 0.206459909678 
-4.28597927094 6.71612691879 0.179944455624 
-4.28521633148 6.71598339081 0.153746172786 
-4.28579139709 6.71584224701 0.127969041467 
-4.28736257553 6.7157034874 0.102599263191 
-4.28975009918 6.71556615829 0.077541038394 
-4.29279565811 6.71542978287 0.0526528097689 
-4.29646921158 6.71529388428 0.0277724210173 
-4.30079078674 6.71515655518 0.00273373303935 
-4.30603647232 6.71501779556 -0.0225383341312 
-4.31252145767 6.71487855911 -0.0480286106467 
-4.3206038475 6.71473836899 -0.0736066028476 
-4.33067178726 6.71459913254 -0.0989974960685 
-4.34313583374 6.71446371078 -0.123740762472 
-4.35814762115 6.71433448792 -0.147399157286 
-4.37553215027 6.71421194077 -0.169756948948 
-4.39501142502 6.71409654617 -0.190756201744 
-4.4164853096 6.71399068832 -0.210163906217 
-4.43988990784 6.71389484406 -0.227624312043 
-4.46499824524 6.71381044388 -0.242994189262 
-4.49152898788 6.71373796463 -0.256317406893 
-4.51934289932 6.71367740631 -0.26730298996 
-4.54832029343 6.7136349678 -0.275145590305 
-4.57808494568 6.71361160278 -0.279408365488 
-4.60815000534 6.71360492706 -0.280629485846 
-4.638215065 6.71361160278 -0.279408663511 
-4.66797971725 6.7136349678 -0.275146186352 
-4.69695711136 6.71367788315 -0.267303943634 
-4.7247710228 6.71373796463 -0.256318598986 
-4.75130224228 6.71381092072 -0.242995545268 
-4.77641057968 6.71389484406 -0.227625831962 
-4.79981517792 6.71399068832 -0.210165560246 
-4.82128953934 6.71409702301 -0.19075794518 
-4.84076929092 6.71421194077 -0.169758722186 
-4.85815382004 6.71433448792 -0.147400915623 
-4.87316608429 6.71446418762 -0.123742505908 
-4.8856306076 6.71459960938 -0.0989991500974 
-4.89569854736 6.71473836899 -0.0736081078649 
-4.90378093719 6.71487855911 -0.0480299517512 
-4.91026592255 6.7150182724 -0.0225394777954 
-4.91551208496 6.71515655518 0.00273281126283 
-4.91983366013 6.71529388428 0.0277717225254 
-4.92350721359 6.7154302597 0.052652336657 
-4.92655277252 6.71556615829 0.0775407999754 
-4.92894029617 6.7157034874 0.102599263191 
-4.93051147461 6.71584224701 0.127969279885 
-4.93108654022 6.71598386765 0.153746649623 
-4.93032360077 6.71612739563 0.179945185781 
-4.92780780792 6.71627235413 0.206460863352 
-4.92330265045 6.7164182663 0.233137875795 
-4.91681718826 6.71656513214 0.259870648384 
-4.90873003006 6.71671247482 0.286792248487 
-4.89932155609 6.71686220169 0.314144581556 
-4.88856077194 6.71701526642 0.34208932519 
-4.87623167038 6.71717166901 0.370677113533 
-4.86195087433 6.71733093262 0.399757772684 
-4.84506034851 6.71748924255 0.428673803806 
-4.82516813278 6.71764326096 0.456735283136 
-4.80206727982 6.71778774261 0.483177691698 
-4.77564334869 6.71791791916 0.506958603859 
-4.74603366852 6.71802759171 0.526955604553 
-4.71356153488 6.71810770035 0.541663765907 
-4.67897415161 6.71815252304 0.54975861311 
-4.64362192154 6.71817159653 0.553308010101 
