0.548801393184 1.10569744451e-07 1.57050880673e-08 
0.557497472438 1.10472838603e-08 -0.0438759884627 
0.561394662532 -1.02719047655e-07 -0.088916172511 
0.553655118617 1.12344542544e-07 -0.132920835761 
0.539053887996 3.15539509328e-07 -0.175149113501 
0.517397851619 1.39536887741e-07 -0.214313275516 
0.487053365382 3.94536463492e-07 -0.248165956596 
0.449941129359 -8.8050115513e-08 -0.275724327951 
0.409584493312 -1.63209107791e-08 -0.29758067038 
0.368742913875 2.339208854e-07 -0.314936258039 
0.327196569117 1.35978090813e-07 -0.327196431356 
0.285675019893 -1.21892878268e-07 -0.334482340039 
0.245150060328 1.25868399477e-07 -0.337420071061 
0.206529111537 -1.00073355375e-07 -0.337025185968 
0.171221227321 -1.97858184559e-08 -0.336040044099 
0.13861891714 -1.42791258262e-08 -0.334655953677 
0.107182950648 1.25806885739e-07 -0.329875513722 
0.076839418086 -8.92322399026e-08 -0.320058979194 
0.0484180161084 -1.04633704459e-07 -0.30570036806 
0.022902459773 3.02247931879e-07 -0.291002446343 
-2.89355019945e-08 2.58152206721e-07 -0.284657342518 
-0.022902517644 2.92679292392e-07 -0.291002327518 
-0.0484180739794 -1.14202343948e-07 -0.305700249236 
-0.076839475957 -9.64087195163e-08 -0.320058890075 
-0.107183008519 1.21022565995e-07 -0.32987545431 
-0.138618975011 -1.66712856974e-08 -0.33465592397 
-0.171220808354 -2.09818983906e-08 -0.336040029245 
-0.206529169408 3.75225217796e-07 -0.337025147694 
-0.245150118199 1.25868399477e-07 -0.337420071061 
-0.285675077764 -1.19500718397e-07 -0.334482369745 
-0.327196626988 1.39566330623e-07 -0.327196475915 
-0.368742971746 2.38705205142e-07 -0.314936317451 
-0.409584551183 -1.03405111002e-08 -0.297580744645 
-0.44994118723 -8.2069715834e-08 -0.275724402217 
-0.487053423253 -7.47817099963e-08 -0.248166069136 
-0.51739790949 1.44321207485e-07 -0.214313334928 
-0.539053945867 3.20323829071e-07 -0.175149172914 
-0.553655176488 1.15633762367e-07 -0.132920876607 
-0.561394720403 3.75569725353e-07 -0.0889161713691 
-0.557497530309 1.22433637961e-08 -0.0438760033158 
-0.548801451055 1.11167784419e-07 8.27854786147e-09 
-0.543089418737 1.51325899916e-07 0.0427420958566 
-0.536346464482 2.36068251632e-07 0.084948976166 
-0.525193243352 2.19802365995e-07 0.126087803578 
-0.510033159581 3.77721040027e-08 0.165719778159 
-0.492651014653 3.19654261781e-07 0.204062823137 
-0.473308592168 2.42882715563e-07 0.241162796821 
-0.451271086064 2.0883562925e-07 0.276539467186 
-0.425591497747 -7.32846027786e-08 0.309210306503 
-0.395762949315 1.52715754553e-07 0.338013448689 
-0.362134962407 4.24578267936e-07 0.362134831917 
-0.327327757207 1.01033201456e-07 0.383251726962 
-0.293912439672 2.05718193771e-07 0.404535581465 
-0.26128676447 5.65301958369e-08 0.426381004596 
-0.227950601903 2.42245807063e-07 0.447378704255 
-0.192444830266 -9.62988003228e-09 0.464603619098 
-0.154822855321 6.60933174509e-08 0.476495751406 
-0.116120844213 -9.55655183807e-09 0.483678871072 
-0.0770979216967 2.58967305801e-07 0.486776527477 
-0.0383048346911 -1.14883378317e-07 0.486709882856 
-2.89355019945e-08 3.11292619824e-07 0.486068946802 
0.0383047768201 -1.14883378317e-07 0.486709882856 
0.0770978638257 2.54182986055e-07 0.486776586889 
0.116121263179 -9.55655183807e-09 0.483678871072 
0.15482279745 7.08776371969e-08 0.476495691993 
0.192445249232 -6.12405473555e-11 0.464603500273 
0.227951020869 2.47030126806e-07 0.447378644843 
0.261286706599 6.13145155828e-08 0.426380945183 
0.293912381801 2.1528683326e-07 0.404535462641 
0.327327699336 1.08209681072e-07 0.383251637844 
0.362134904536 -4.35438256164e-08 0.362134704524 
0.395762891444 1.57500074297e-07 0.338013389276 
0.425591439876 -6.61081231649e-08 0.309210217385 
0.451271028193 2.16012108863e-07 0.276539378067 
0.473308534297 2.5005919518e-07 0.241162707702 
0.492650956782 -1.5085999165e-07 0.20406272545 
0.51003310171 4.25564237452e-08 0.165719718747 
0.525193185481 2.23390605803e-07 0.126087759019 
0.536346406611 2.37264331569e-07 0.0849489613129 
0.543089360866 1.52521979852e-07 0.0427420810035 
