-5.09296989441 1.28817880154 0.237806692719 
-5.06771183014 1.2867962122 0.214525848627 
-5.04778909683 1.28576397896 0.194004520774 
-5.0312371254 1.28493142128 0.176024273038 
-5.01682758331 1.28422760963 0.159591406584 
-5.00370645523 1.28360426426 0.143982648849 
-4.99122095108 1.28302598 0.128574326634 
-4.97882843018 1.28246665001 0.112736843526 
-4.96590232849 1.28189480305 0.095790810883 
-4.95155239105 1.28126430511 0.0768187716603 
-4.93498086929 1.28055202961 0.0543222688138 
-4.91825437546 1.27996993065 0.0265368036926 
-4.90795564651 1.28002822399 -0.00601850403473 
-4.9063835144 1.2808483839 -0.0410752184689 
-4.91243219376 1.28230559826 -0.0772612020373 
-4.92700099945 1.28440535069 -0.112127631903 
-4.94909763336 1.28702962399 -0.144224256277 
-4.97715187073 1.29005253315 -0.173528045416 
-5.01061964035 1.29342126846 -0.199671670794 
-5.0499215126 1.29704320431 -0.217986673117 
-5.09296989441 1.3006554842 -0.224884688854 
-5.13648033142 1.30400645733 -0.220728486776 
-5.17863130569 1.30705940723 -0.209531694651 
-5.21858692169 1.30977475643 -0.192296281457 
-5.25219392776 1.31170713902 -0.164763063192 
-5.27845096588 1.3128849268 -0.130941033363 
-5.29757118225 1.31340968609 -0.0939671993256 
-5.31039142609 1.31340539455 -0.0559641383588 
-5.31837940216 1.31302547455 -0.0183001663536 
-5.32079458237 1.31221282482 0.0189649499953 
-5.3178229332 1.31100070477 0.0551433339715 
-5.31045389175 1.30948317051 0.0896699354053 
-5.30048465729 1.30779850483 0.1227202788 
-5.28860759735 1.30598163605 0.155041694641 
-5.27469921112 1.30400061607 0.187454164028 
-5.25712633133 1.30173432827 0.219628497958 
-5.23261499405 1.29902637005 0.247702941298 
-5.19947576523 1.29593575001 0.264503210783 
-5.16197490692 1.29286277294 0.267778068781 
-5.12517595291 1.29018032551 0.258639544249 
