-4.10413885117 1.98298561573 0.41331705451 
-4.06761789322 1.9872303009 0.40577507019 
-4.03449678421 1.99076724052 0.389283746481 
-4.00677394867 1.99341309071 0.365763932467 
-3.98549056053 1.99512028694 0.337700784206 
-3.96912884712 1.99620640278 0.309142678976 
-3.95568132401 1.99697220325 0.281749993563 
-3.94462895393 1.99746215343 0.254933893681 
-3.93572163582 1.99768996239 0.228160649538 
-3.92801570892 1.99776113033 0.201115593314 
-3.91988301277 1.99784994125 0.17299310863 
-3.91069149971 1.99797928333 0.142103344202 
-3.90192437172 1.99791228771 0.106758981943 
-3.89748883247 1.99716567993 0.0668746754527 
-3.90218472481 1.99523770809 0.025168960914 
-3.91716217995 1.9920861721 -0.0153012992814 
-3.93958091736 1.98804461956 -0.0550061203539 
-3.9692928791 1.9831520319 -0.0933103486896 
-4.00770521164 1.97738718987 -0.125524416566 
-4.05377435684 1.9710392952 -0.146685346961 
-4.10413885117 1.96457290649 -0.15520067513 
-4.15562391281 1.95830273628 -0.153406441212 
-4.20642185211 1.95240044594 -0.142863363028 
-4.2523932457 1.94753289223 -0.118684366345 
-4.28579950333 1.94476604462 -0.0773341655731 
-4.30240011215 1.94441616535 -0.0251329876482 
-4.30891609192 1.94522988796 0.024720877409 
-4.3148021698 1.94585871696 0.0664749294519 
-4.32324028015 1.94600152969 0.102909117937 
-4.33045387268 1.9462685585 0.138530492783 
-4.33380222321 1.94702637196 0.174639120698 
-4.33145475388 1.94848883152 0.210884779692 
-4.32245588303 1.95073306561 0.246025368571 
-4.30644273758 1.95374751091 0.278329879045 
-4.28363037109 1.95743989944 0.305759251118 
-4.25801229477 1.9613506794 0.329286813736 
-4.23212814331 1.96525585651 0.351628541946 
-4.20505809784 1.9692940712 0.373576521873 
-4.17511224747 1.97363519669 0.39396867156 
-4.14112663269 1.97830057144 0.409037411213 
