-1.03646924338e-07 3.93330179391e-08 0.100472494367 
0.0159895169002 -3.96343697055e-08 0.100953801918 
0.0321116492401 8.60633357783e-08 0.0988294518475 
0.0478829061495 -2.21427146983e-08 0.0939754305602 
0.0627690116097 -1.5445117121e-08 0.0863941728091 
0.0761618662469 2.16555010382e-09 0.0761617896993 
0.0878780063615 -2.61864019774e-08 0.0638471469764 
0.0980454089482 1.6377648604e-07 0.049956594788 
0.106610036146 -5.19461487609e-08 0.0346396893362 
0.113698753421 3.69976880799e-08 0.0180081272696 
0.118907410055 7.40211024419e-09 -4.69363457519e-09 
0.121949182672 -1.19939100259e-07 -0.0193148970353 
0.122637454216 2.50004478404e-07 -0.0398472885824 
0.120525596581 9.29905212381e-08 -0.0614108895485 
0.115372082705 -2.3016490943e-07 -0.0838227990152 
0.106762015649 -1.13377460479e-07 -0.10676215694 
0.0945764514271 -1.07049596236e-08 -0.130173457351 
0.0779950566876 -1.46931018744e-07 -0.153073974014 
0.0563396457639 -8.7296101162e-08 -0.173395969413 
0.0299563256869 1.12598581743e-08 -0.189137381283 
-1.08773793012e-07 2.94468203926e-08 -0.197343177321 
-0.0310354773854 -1.12800944592e-07 -0.19595006613 
-0.0599981557579 -1.31580386534e-08 -0.184655035138 
-0.0838843546795 -2.04335111956e-08 -0.164632145691 
-0.10124533547 -9.21930946515e-09 -0.139352032053 
-0.113114828528 2.15904796264e-08 -0.113114695249 
-0.120210265574 -7.79343813234e-08 -0.0873378555463 
-0.124037945325 -8.07200597024e-08 -0.0632004653726 
-0.125270090417 3.51280219739e-08 -0.0407027186928 
-0.123964912318 -1.16179139524e-07 -0.0196341046661 
-0.119835295569 7.79074588869e-09 2.06261148482e-09 
-0.113514450061 4.58419882159e-08 0.0179789210491 
-0.104521871313 5.66076429863e-08 0.0339611709714 
-0.0938711629723 1.01517528169e-08 0.0478297931936 
-0.0823787150303 3.52689093347e-08 0.0598515366196 
-0.0702459777556 8.9947373768e-08 0.0702458802758 
-0.0575150026412 -1.23483502697e-07 0.0791622914466 
-0.044213433053 -4.95733531083e-08 0.0867736348513 
-0.0302224310232 4.34068250814e-08 0.0930150650477 
-0.0154733554403 -6.2719725964e-08 0.0976948234116 
