-4.25854063034 2.98019146919 0.531584978104 
-4.19184064865 2.98573732376 0.522825062275 
-4.12905263901 2.99134516716 0.500293552876 
-4.07096529007 2.99679064751 0.469948142767 
-4.02178144455 3.00185060501 0.427670180798 
-3.98310422897 3.00629711151 0.377177864313 
-3.95607495308 3.00995993614 0.321398556232 
-3.93840694427 3.01290416718 0.264640659094 
-3.92716193199 3.01530504227 0.209065303206 
-3.92248797417 3.01715636253 0.154477402568 
-3.92545771599 3.01836657524 0.10109692812 
-3.93920087814 3.01864790916 0.0503476671875 
-3.96031904221 3.01822710037 0.00385324237868 
-3.98538446426 3.01738262177 -0.0386007092893 
-4.0146317482 3.01608991623 -0.0768001452088 
-4.04839372635 3.01429986954 -0.109901681542 
-4.08615207672 3.01203393936 -0.137183949351 
-4.12696266174 3.00935816765 -0.158294782043 
-4.17006635666 3.00631213188 -0.172486618161 
-4.21415042877 3.00302267075 -0.180575549603 
-4.25854063034 2.99958014488 -0.183909237385 
-4.30320167542 2.99598693848 -0.182483807206 
-4.34755706787 2.99224162102 -0.174542427063 
-4.3904671669 2.98842000961 -0.159548655152 
-4.4303021431 2.98464035988 -0.137060716748 
-4.46474313736 2.98108029366 -0.106843404472 
-4.49148082733 2.97794961929 -0.0698362663388 
-4.51082992554 2.975304842 -0.0290713068098 
-4.52336359024 2.97315311432 0.013521976769 
-4.52976417542 2.97147321701 0.0567170791328 
-4.5308175087 2.97022223473 0.0997923016548 
-4.53045558929 2.96908068657 0.142980441451 
-4.53059864044 2.96783733368 0.188436612487 
-4.52777290344 2.9667365551 0.237362608314 
-4.51781845093 2.96613693237 0.288722574711 
-4.4984960556 2.96627211571 0.340487122536 
-4.4696559906 2.96719026566 0.391310483217 
-4.43128871918 2.96892476082 0.439991116524 
-4.38273048401 2.97161316872 0.483395546675 
-4.32443618774 2.97533011436 0.517446994781 
