0.156493821352 7.31359665837e-08 -1.31938298051e-08 
0.163061078564 -3.67143473548e-08 -0.0258263377165 
0.167188910478 3.93352216125e-08 -0.0543229517362 
0.168105518224 8.33332298115e-08 -0.0856540337121 
0.165539878162 3.61447071899e-08 -0.120271837885 
0.15799827446 4.59537631949e-09 -0.157998363034 
0.14372431708 1.71313861781e-08 -0.197819435247 
0.120890997541 9.75166240518e-08 -0.237261829644 
0.0881851881324 -1.56066948022e-08 -0.271406326628 
0.0470259458223 -1.00547788437e-08 -0.296910772048 
-9.8074488753e-08 6.83992731829e-08 -0.315475832686 
-0.0505217505233 4.10731533608e-08 -0.318982639853 
-0.0988656887789 -7.88712486315e-09 -0.304276741437 
-0.141088260102 2.31272758566e-08 -0.276901517395 
-0.175821000466 3.29381574658e-08 -0.241996753307 
-0.202302378687 -7.30409002942e-09 -0.202302553536 
-0.217476238613 9.72141952806e-08 -0.158005657582 
-0.217393694363 2.02834784958e-08 -0.110767673419 
-0.198637385352 -2.23227107025e-09 -0.0645411417754 
-0.172381221818 4.79045946704e-08 -0.0273025165536 
-0.150677552058 8.00336935054e-08 -1.14664194958e-08 
-0.133137975565 9.36354853385e-08 0.0210869584895 
-0.11833438069 9.26258968102e-08 0.0384490919862 
-0.105096793564 9.87897572097e-08 0.0535494881391 
-0.0924933423141 2.6800191595e-08 0.0672003607583 
-0.0799080208364 8.52833199156e-09 0.0799080874934 
-0.0667901975154 4.16044874491e-08 0.0919284986039 
-0.0528115936406 1.02646844977e-07 0.103648275322 
-0.0373209038346 5.14562742272e-08 0.114861172149 
-0.0197818061098 2.04613362516e-08 0.124896261974 
-1.00820351243e-07 -7.32703094018e-09 0.131879375073 
0.0214258680857 4.54535928294e-08 0.135276570061 
0.0438080432014 3.52222281517e-09 0.134827721006 
0.0659926819937 7.16913389023e-08 0.129518156825 
0.0861964276254 6.33864157325e-08 0.118639340528 
0.103080636837 4.82870130768e-08 0.103080608308 
0.117147508838 -2.0829289011e-08 0.0851127001497 
0.129079376423 6.41965037114e-08 0.0657692416544 
0.139396561354 3.29377860707e-09 0.0452926778012 
0.148416376082 -6.9088392906e-10 0.0235068399712 
