-3.56942701962e-08 -6.41016014206e-08 0.453573256059 
0.0238089204412 -8.71634075615e-08 0.454299031479 
0.0479364037825 -5.82166378189e-08 0.456085807687 
0.0725688576697 -8.73604917389e-08 0.458179946505 
0.0976962685369 -3.41301459187e-07 0.459623870214 
0.12310024498 -4.28857447928e-07 0.459415376179 
0.148652994643 7.64427409307e-09 0.457507004839 
0.17442270523 -5.53986852994e-08 0.454386360116 
0.200635874384 -4.23731905999e-07 0.45063579592 
0.227440798458 -2.15046143306e-07 0.446377819345 
0.254747355237 -1.64106663569e-07 0.441235215006 
0.281856501462 -3.92151612606e-07 0.43402108126 
0.308378661181 -3.06954982998e-07 0.424446974194 
0.334473097997 -4.84313729294e-07 0.413039771383 
0.359638656061 -3.88878466466e-07 0.399419088325 
0.383498634021 -1.63313085065e-07 0.383498725669 
0.406327213232 -3.49410769112e-07 0.365858778823 
0.427990402454 -2.32501391608e-07 0.346579633953 
0.448048557828 -4.03665295165e-07 0.325526085459 
0.466327633788 -1.2413747211e-07 0.302836707445 
0.484356370248 -7.48335421208e-08 0.279643251479 
0.504339662212 -3.24078645958e-07 0.256973855501 
0.526021448135 -3.27297873402e-07 0.234199701825 
0.547113863351 -2.39327135771e-07 0.210017364615 
0.566826311856 -4.71801402096e-07 0.184172948988 
0.58646151276 -3.71397236802e-07 0.157141886034 
0.607542960778 -2.97073723462e-07 0.129137208029 
0.62903878031 5.08718641346e-08 0.0996299738741 
0.647681444736 -2.11642453055e-07 0.0680740565908 
0.664311617961 -1.17482918917e-07 0.0348150936575 
0.679239244136 -2.2687766163e-07 -8.82062863807e-09 
0.691814871049 -3.32219365431e-07 -0.0362564951085 
0.700896235285 -4.20909503398e-07 -0.0736671986226 
0.705399962811 -1.44360309026e-07 -0.111724374939 
0.702736112588 -3.34446293799e-09 -0.149371144312 
0.69223830467 -2.77484006856e-07 -0.185484702868 
0.675195429885 -3.95107375365e-07 -0.21938427488 
0.654129479964 -1.06759776295e-07 -0.25109674247 
0.630271886867 -9.82650135125e-08 -0.280615135734 
0.604123568028 -3.0441594298e-08 -0.307816297281 
0.576060747963 -3.12440241113e-07 -0.332588942177 
0.546537852482 -2.35632634691e-07 -0.354925663856 
0.515984988705 -2.84067031507e-07 -0.374884845237 
0.484665370742 -1.67668221782e-07 -0.392474303692 
0.453071571382 -3.44765561189e-07 -0.40794745954 
0.421493984456 -3.54187658936e-07 -0.42149403679 
0.39001748698 -1.41775296143e-07 -0.433158410455 
0.358612991885 2.65595345638e-08 -0.442850228915 
0.3272552268 -3.16328028905e-07 -0.450428401458 
0.296457745354 1.30070644004e-07 -0.456505081151 
0.266613938212 -2.77588564026e-07 -0.461789107717 
0.237703778218 -2.70362211375e-08 -0.466519842464 
0.209427334794 -3.4372305598e-08 -0.470381203025 
0.181080319433 -4.81184806405e-07 -0.471730355958 
0.152746178631 -2.71727917281e-08 -0.470103721201 
0.124520756645 -8.32657051353e-08 -0.464717594472 
0.0967654960367 -1.1796920242e-07 -0.455246257988 
0.0698070302444 -3.37589208965e-07 -0.440742951381 
0.0443548929718 4.4197960949e-08 -0.422009378186 
0.0211224326672 -2.67367827899e-07 -0.403039896726 
-2.3054882028e-08 -1.15382183928e-07 -0.394641725564 
-0.0211224785267 -2.81959823726e-07 -0.40303974906 
-0.044354938266 -4.47857805639e-07 -0.422009248248 
-0.0698065981431 -3.52181204798e-07 -0.440742805166 
-0.0967655403403 -1.26724399927e-07 -0.455246171895 
-0.124520800667 -8.91025034646e-08 -0.464717538864 
-0.152745745655 -2.71727917228e-08 -0.470103725753 
-0.181080363245 -4.81184806405e-07 -0.471730361354 
-0.209427378646 -5.05999278028e-07 -0.47038128562 
-0.237703822185 -4.98663193554e-07 -0.466519925902 
-0.26661398232 -2.74670164858e-07 -0.461789145321 
-0.29645778962 -3.41556328429e-07 -0.45650516634 
-0.327255271247 1.61135741855e-07 -0.450428394175 
-0.358613036558 -4.45067437863e-07 -0.442850315956 
-0.390017531941 -1.38856896981e-07 -0.433158451737 
-0.421494029765 -3.48350860601e-07 -0.42149410867 
-0.453071617095 -3.38928762867e-07 -0.407947532361 
-0.484665416917 -1.61831423444e-07 -0.392474377455 
-0.515984558567 -2.75311834014e-07 -0.374884949592 
-0.546537422939 -2.29795836366e-07 -0.354925739462 
-0.576060795922 -3.06603442775e-07 -0.332589018663 
-0.604123616725 -2.46047959678e-08 -0.307816374603 
-0.630271936375 -9.09690155994e-08 -0.280615228666 
-0.654129530351 -5.75468349554e-07 -0.251096867977 
-0.675195242799 -3.89270577037e-07 -0.21938435432 
-0.692238357013 -2.73106408108e-07 -0.185484767987 
-0.702736404426 3.03536019139e-10 -0.149371202329 
-0.705400017352 -1.41441909861e-07 -0.11172442562 
-0.70089629096 -4.19039903933e-07 -0.0736672385113 
-0.69181492784 -3.31124965744e-07 -0.0362565268484 
-0.679239302007 -2.2687766163e-07 -2.90635364325e-08 
-0.664311915288 -1.18212518709e-07 0.0348150812743 
-0.647681743054 -2.13101652639e-07 0.0680740521179 
-0.62903884115 -4.26591906622e-07 0.099629938092 
-0.607543022498 -2.9999212263e-07 0.129137219582 
-0.586461575314 -3.7577483555e-07 0.157141913045 
-0.566826375216 -3.09282883837e-09 0.184173038108 
-0.547113927481 -2.42245534933e-07 0.210017377969 
-0.526021036148 -3.33134671732e-07 0.234199745466 
-0.504339727742 -3.29915444291e-07 0.256973899788 
-0.484356436453 -8.35887396098e-08 0.279643326021 
-0.466327700684 -1.29974270442e-07 0.302836752865 
-0.448048148563 -4.12420492648e-07 0.325526161084 
-0.427990470654 -2.44174988276e-07 0.346579739834 
-0.406327282007 1.13461005826e-07 0.365858932044 
-0.383498703321 -1.69149883395e-07 0.383498773558 
-0.359638725836 -3.94715264803e-07 0.399419136925 
-0.334473168177 -4.90150527624e-07 0.413039820733 
-0.308378731702 -3.12791781322e-07 0.424447024322 
-0.281856572268 7.65569606539e-08 0.434021178872 
-0.254747426257 -1.69943461905e-07 0.441235266732 
-0.227440869632 -2.20882941642e-07 0.446377871885 
-0.200635945685 -4.23731905995e-07 0.450635789941 
-0.174422776643 -5.53986852906e-08 0.454386354918 
-0.148653066148 7.64427409548e-09 0.457507000409 
-0.123099839706 -4.28857447929e-07 0.45941537251 
-0.0976958632686 -3.41301459192e-07 0.459623867302 
-0.0725684523584 -8.1523693407e-08 0.458179885024 
-0.0479364752459 -5.8216637809e-08 0.456085806259 
-0.0238085150142 -8.71634075561e-08 0.454299030769 
