-3.3200957497e-08 -9.36445837914e-08 0.28624987322 
0.0150189067662 2.43470708705e-07 0.286572697253 
0.0302028323831 4.60526399902e-08 0.287358677298 
0.0456895495907 3.30516129666e-07 0.288470879328 
0.0615996981914 1.03110086798e-07 0.289802537016 
0.0780219698994 4.21894692857e-08 0.291181196761 
0.0949802065768 2.71271711292e-07 0.292318308644 
0.112346139036 5.97962971518e-08 0.292671054928 
0.12995907316 -4.74528397102e-08 0.291893041042 
0.147885766148 -6.55902510326e-09 0.290241898902 
0.16646334186 2.7746290044e-08 0.288323006696 
0.186261620691 1.21581308414e-07 0.286817408572 
0.207625832742 -6.81347062003e-08 0.285772415801 
0.230879273609 1.95594533272e-07 0.285112366838 
0.256308045589 2.32846343999e-07 0.284659134377 
0.283141579852 6.74865146065e-08 0.2831415623 
0.309989419267 -3.48703907948e-08 0.279115608616 
0.33677145519 -3.23009548065e-09 0.272712025642 
0.363058057344 -6.04119692362e-08 0.263777257017 
0.388956037247 4.76937384937e-08 0.252591145516 
0.414447751923 1.99161452305e-07 0.239281534657 
0.440212217478 1.15665923124e-07 0.224299237871 
0.468747583769 3.68690778275e-07 0.20869997666 
0.503083674089 9.70147980682e-08 0.193115786763 
0.548779456017 -3.38504548733e-08 0.178309270105 
0.61111399374 1.89399463069e-07 0.163747494328 
0.680858104131 -1.01278170727e-07 0.144720831828 
0.74387523443 2.90459408277e-07 0.117818282576 
0.798312633846 -1.85060274076e-08 0.0839060479972 
0.845576733557 2.75671563351e-07 0.0443148319681 
0.879275531444 1.17523298012e-07 2.46254982326e-08 
0.899474354167 -1.67521076142e-09 -0.0471394311181 
0.905065032144 3.52770982623e-07 -0.0951261069401 
0.894290658829 1.76826224102e-07 -0.141641703165 
0.869910452412 5.83107235967e-08 -0.184905123618 
0.836533759271 1.43990592067e-07 -0.224148494485 
0.796200727178 9.63284257493e-08 -0.258701277529 
0.752749656843 -4.05339717635e-08 -0.288953473345 
0.707735037405 1.34136593057e-07 -0.315103930503 
0.658728575614 2.04327501278e-07 -0.335638906998 
0.6107003452 7.91222360106e-08 -0.352588018848 
0.568891978675 2.43111833972e-07 -0.369442681621 
0.529620624229 3.30776808567e-07 -0.384791923891 
0.491902805217 4.54447380075e-07 -0.398334984425 
0.45576427085 -3.69568250374e-08 -0.410372018666 
0.420506931524 1.1379124667e-07 -0.42050677391 
0.386140800819 1.1254533986e-07 -0.428852914429 
0.352757908311 -6.404575256e-08 -0.435619587134 
0.319896675624 2.78411585812e-09 -0.440299760801 
0.287505127503 -8.92257844727e-08 -0.442718918315 
0.255606628968 -7.34800962807e-08 -0.442723948212 
0.224717594671 -1.90726630662e-07 -0.441033075103 
0.194726921551 1.62786121201e-08 -0.437363651232 
0.166080452365 -5.4555011355e-08 -0.432654221388 
0.13873002656 3.94512490482e-07 -0.426966456247 
0.112654663304 5.27098735985e-08 -0.420433116731 
0.0877971421365 3.14489261081e-07 -0.413053766166 
0.0641546020393 1.53655488849e-07 -0.405056576174 
0.041753745905 -1.05796854356e-07 -0.39725802935 
0.0204906232529 3.02899441974e-07 -0.390980656358 
-2.31483785518e-08 -2.94765517541e-08 -0.388367280061 
-0.0204901926346 2.97062643645e-07 -0.390980597651 
-0.0417533150996 -1.11633652681e-07 -0.397257971276 
-0.0641546478387 1.47818690516e-07 -0.405056518768 
-0.0877971876975 3.05734063585e-07 -0.413053679805 
-0.112654708645 4.68730752592e-08 -0.42043306077 
-0.138729594869 3.88675692154e-07 -0.426966401063 
-0.166080497342 -5.74734105259e-08 -0.432654196679 
-0.194726966388 1.33602129602e-08 -0.437363627376 
-0.224717639399 2.83818740931e-07 -0.441033035106 
-0.255606673645 -7.63984954388e-08 -0.44272392617 
-0.28750517218 -8.92257844671e-08 -0.442718926884 
-0.319896243535 2.78411585004e-09 -0.440299770334 
-0.3527579532 -6.11273533947e-08 -0.435619627306 
-0.386140845909 1.18382138188e-07 -0.428852985255 
-0.420506976863 1.19628045002e-07 -0.42050684576 
-0.455764316491 -3.40384258714e-08 -0.410372061908 
-0.491902851216 -1.7179592352e-08 -0.398335075439 
-0.529620670632 -1.40850163852e-07 -0.384792016029 
-0.568892025536 2.46030233141e-07 -0.369442728234 
-0.610700630981 8.49590343392e-08 -0.352588096366 
-0.658728623482 2.07245900445e-07 -0.335638956288 
-0.707735085886 1.39973391391e-07 -0.315104010914 
-0.752749467684 4.39848198156e-07 -0.288953508402 
-0.796200777339 1.02165224076e-07 -0.258701360575 
-0.83653404888 1.49827390402e-07 -0.224148578734 
-0.869910266354 6.26883223433e-08 -0.184905194032 
-0.894290950897 1.78285423683e-07 -0.141641744647 
-0.90506508718 -1.19585589593e-07 -0.0951262028518 
-0.899474172215 -5.80811075168e-10 -0.0471394690466 
-0.879275827733 1.17523298012e-07 -1.57895903818e-09 
-0.845576792749 -1.99968207928e-07 0.0443147711957 
-0.798312694218 -1.99652269897e-08 0.0839060390352 
-0.743875057394 2.88270608902e-07 0.117818282651 
-0.680858166315 -1.04196569893e-07 0.144720841196 
-0.611114056491 1.87940263481e-07 0.163747490945 
-0.548779519202 -3.67688540372e-08 0.178309283409 
-0.503083737715 9.26371993217e-08 0.193115816259 
-0.46874764786 3.64313179526e-07 0.208700007179 
-0.440212282034 1.08369925209e-07 0.224299298899 
-0.414447816925 1.91865454394e-07 0.239281596453 
-0.388956102646 4.47753393283e-08 0.252591163583 
-0.363058123076 -6.62487675724e-08 0.263777305516 
-0.336771521189 -6.14849464959e-09 0.272712045264 
-0.309989485457 -3.77887899606e-08 0.279115629037 
-0.283141646161 6.74865146033e-08 0.283141553861 
-0.256308111943 2.32846343998e-07 0.284659126738 
-0.230879339977 1.92676134114e-07 0.285112389616 
-0.20762589913 -6.8134706198e-08 0.285772409614 
-0.186261210272 -3.52964063174e-07 0.286817356327 
-0.166463408323 2.77462900425e-08 0.288323001735 
-0.147885355831 -6.55902510499e-09 0.290241894495 
-0.12995913973 4.24174132721e-07 0.291893113522 
-0.112345728792 5.97962971535e-08 0.29267105158 
-0.0949797963224 2.71271711289e-07 0.292318305813 
-0.0780215596111 4.51078684517e-08 0.291181164776 
-0.0615992878621 1.03110086799e-07 0.28980253518 
-0.0456891392216 -1.41110842758e-07 0.288470801613 
-0.0302024219809 4.60526399877e-08 0.287358676398 
-0.0150184963405 2.40552309541e-07 0.286572726464 
