1.72363404217e-07 -8.17904998814e-08 0.476955151218 
0.0242239768534 -4.27513784784e-07 0.462217977906 
0.0452338989152 -5.67278970163e-08 0.430370919454 
0.0638453300667 -4.46132653026e-07 0.403103111951 
0.0828930672023 -9.48056777635e-08 0.389979702814 
0.102799111216 -2.32953231514e-07 0.383650189892 
0.123929673047 -3.85831106975e-07 0.381415786009 
0.144361668444 -2.15003651118e-07 0.376074743227 
0.164256745204 -1.56834683502e-07 0.368925744633 
0.181434803842 -4.04388575293e-07 0.356085696949 
0.203988724591 -2.20031947015e-08 0.353318303269 
0.221930199518 -3.65916592725e-08 0.341741834674 
0.238590413003 -3.49212900844e-07 0.32839120559 
0.251959973263 -3.07837014609e-07 0.31114458163 
0.262784653612 -2.72380629705e-08 0.291851462419 
0.271741562814 -5.19241512401e-07 0.271741504679 
0.279207879059 -2.17908930467e-07 0.251399506923 
0.285640412345 -3.28741093638e-07 0.231306836879 
0.291534596478 -3.77278113198e-07 0.211812249151 
0.296874218996 -1.63850111867e-07 0.192792212353 
0.301661664085 -1.91329585962e-07 0.174164408484 
0.305854970074 -4.54766596679e-07 0.155840859795 
0.309486085053 1.61416007004e-07 0.137792008049 
0.312660390035 -2.56425391543e-07 0.120019005073 
0.315427476083 -9.53121814693e-08 0.102488540204 
0.317897492581 -1.97796340895e-07 0.0851803280449 
0.320178204727 -3.53294155978e-07 0.0680559241748 
0.322259598941 -1.53947286291e-07 0.0510408537075 
0.355635815844 -1.84911266398e-07 0.0373787872094 
0.355469399696 -2.51160533537e-08 0.0186293592698 
0.361924821164 -4.3409157916e-08 -1.74553924992e-09 
0.369079762744 3.00844608872e-08 -0.0193426393873 
0.374619180032 -4.16538135836e-07 -0.0393740591278 
0.375555211396 -4.45609865139e-07 -0.0594820547924 
0.332623177869 -5.69146270873e-08 -0.0707011970859 
0.32605856073 -3.42825734056e-07 -0.0873670711536 
0.3210865797 2.97242984192e-08 -0.104327205895 
0.315975362219 -5.20991251626e-08 -0.121291453812 
0.310589963373 -4.58957390234e-07 -0.138283441621 
0.304634267285 -2.22541421524e-07 -0.155218789469 
0.29777544162 -3.11553588134e-07 -0.171920638126 
0.289933377734 1.33514411616e-07 -0.188284725347 
0.281263047703 -1.08102345653e-07 -0.2043493432 
0.271773034598 -2.86345182217e-07 -0.220077308624 
0.261431390327 -3.34543943118e-07 -0.235393726893 
0.250214273034 -2.39884639099e-07 -0.250213868664 
0.238471681192 -2.0228877964e-07 -0.264849486901 
0.226429158777 7.75443926696e-08 -0.279616429714 
0.214021855937 -1.95714361403e-08 -0.29457578127 
0.200771028163 -2.66720097678e-07 -0.309159514444 
0.186197930949 -1.49771461812e-07 -0.322503763348 
0.170210534721 -3.05224641336e-07 -0.334056956716 
0.153223210971 9.75562937935e-08 -0.344144878971 
0.135562593152 -1.77043936779e-07 -0.353151381649 
0.117382699667 -8.99683703814e-08 -0.361266183487 
0.0987173859545 -3.80492443385e-08 -0.368416821227 
0.0795752350821 -3.36664078814e-07 -0.374371565162 
0.0600354020182 -9.83200695747e-09 -0.379047409235 
0.0402008835894 -2.78114061671e-07 -0.382482686492 
0.0201637093668 1.46277395523e-07 -0.384738396149 
1.73295854999e-07 2.20552308893e-07 -0.385537050332 
-0.0201628859394 -3.4517075733e-07 -0.384738637219 
-0.0402005370039 -3.0741414539e-07 -0.382483133607 
-0.0600350554403 -5.38170051058e-08 -0.379048035204 
-0.0795748885141 -3.94938055434e-07 -0.374372399787 
-0.0987170393995 -1.10624553038e-07 -0.368417804903 
-0.117382829965 -1.76305410353e-07 -0.361267346014 
-0.13556224663 -2.77248604737e-07 -0.353152633621 
-0.153223341306 -1.60246792138e-08 -0.344146235288 
-0.170211141915 -4.31405374693e-07 -0.334058462079 
-0.186198538167 -2.87517265988e-07 -0.322505462458 
-0.200771635411 -4.14750829472e-07 -0.309161437099 
-0.214022940053 -1.77903896885e-07 -0.294577733756 
-0.226430242926 -9.07498610774e-08 -0.279618352425 
-0.238472765372 -3.80664769041e-07 -0.264851305331 
-0.250215357246 4.88877218537e-08 -0.250215610003 
-0.261432951409 -5.49568327424e-08 -0.235395408653 
-0.271774595712 -4.9191853276e-07 -0.220078963215 
-0.281264608852 -3.21455987181e-07 -0.204350945659 
-0.289934938917 -8.7176194532e-08 -0.188286238419 
-0.297777479676 -6.20972219738e-08 -0.171922059198 
-0.304636305377 -4.55882608275e-07 -0.155220112586 
-0.310592001501 -2.20865683038e-07 -0.138284635481 
-0.315977400384 -2.95845354851e-07 -0.121292512462 
-0.321088617902 -2.18845204602e-07 -0.104328120902 
-0.326061075806 -1.19337383647e-07 -0.0873678291951 
-0.332625216143 -3.1652172528e-07 -0.0707017603156 
-0.375558680206 -2.61864374387e-07 -0.0594826937335 
-0.374622172049 -2.33766939546e-07 -0.0393743851472 
-0.369082277967 -2.60497101323e-07 -0.0193428040958 
-0.361927336429 -3.29237809944e-07 -2.5282047948e-09 
-0.355472391838 -3.06703622176e-07 0.0186295149609 
-0.35563833119 9.17987095508e-09 0.0373791317733 
-0.322262114316 6.57680447818e-08 0.0510413324519 
-0.320180720139 -1.32832714146e-07 0.0680565668341 
-0.31790000803 2.36502267728e-08 0.0851811197185 
-0.315429991569 -3.49642598926e-07 0.102489493182 
-0.312662905559 -3.25565650104e-08 0.120020109678 
-0.309488600616 -8.99359445631e-08 0.137793273959 
-0.305857485676 -2.27155338202e-07 0.155842262433 
-0.301664179726 -4.38052751389e-07 0.174165957529 
-0.296876257841 -4.07608287927e-07 0.192793910418 
-0.291537112201 -1.40805590429e-07 0.211814098848 
-0.285642451272 -8.84295418911e-08 0.231308835598 
-0.279209441193 2.68300180304e-08 0.251401624863 
-0.271743601829 -2.69095910488e-07 0.271743712041 
-0.262786215834 -2.47175042924e-07 0.291853726793 
-0.251961535526 -4.17424286197e-08 0.311146729431 
-0.238591498466 -7.10907157417e-08 0.328393085204 
-0.221930331336 -2.20509713305e-07 0.341743413693 
-0.203988856434 -1.88814307665e-07 0.353319345894 
-0.181434935691 -5.51755781169e-07 0.356086441603 
-0.16425687708 -2.95368730606e-07 0.368927353579 
-0.144361323499 -3.32276361909e-07 0.376075338953 
-0.123929328113 -4.86314947964e-07 0.381416262571 
-0.102798766287 -3.15117253412e-07 0.383650368481 
-0.0828927222874 -1.67940655464e-07 0.389981103323 
-0.0638454620172 -3.14752459146e-08 0.403105260159 
-0.0452340309248 -1.20196846591e-07 0.430375985675 
-0.0242236320946 1.22325163375e-08 0.462221258671 
