0.322803072929 -1.53211867587e-07 1.48755838501e-08 
0.318920664869 -2.72219180515e-07 -0.033519868602 
0.313840441868 -4.83872690096e-07 -0.0667087579519 
0.307115607506 -2.88782508569e-07 -0.0997877868763 
0.298183970777 -4.08283280042e-07 -0.132759901436 
0.28649335425 -1.42473758062e-07 -0.165406821338 
0.271367125995 -1.47651215027e-07 -0.197159724054 
0.252245479188 -5.54647285935e-08 -0.227122693339 
0.229488902718 -7.54495029446e-08 -0.254872970869 
0.203672939036 -4.2620116074e-07 -0.280331662926 
0.174858623295 -1.68593681758e-07 -0.30286392391 
0.143413596944 -9.10401675388e-08 -0.322112307651 
0.109871440765 -3.36297679122e-07 -0.33814847897 
0.0744720038435 -9.2095026772e-08 -0.35036244587 
0.0375490721896 -2.72235665991e-07 -0.357256340033 
5.33341745678e-08 -1.05971543275e-07 -0.359211154328 
-0.03754896553 -4.18547911531e-07 -0.357256548135 
-0.0744718972182 -3.87442814334e-07 -0.350362921474 
-0.109871334199 -2.92882552045e-07 -0.338149171988 
-0.143413967295 -1.78927488136e-07 -0.322113193899 
-0.17485899374 -3.69588643369e-07 -0.302864869718 
-0.203673309592 -2.57231276242e-07 -0.280332722156 
-0.229489750237 1.00592684819e-09 -0.25487407478 
-0.252246326843 -5.48951918971e-08 -0.22712376766 
-0.271368450635 -2.07408589745e-07 -0.197160731638 
-0.286494679047 2.28871051425e-07 -0.16540777149 
-0.298185295734 -6.37609027892e-08 -0.132760688283 
-0.307116932626 3.85659077649e-08 -0.0997884085473 
-0.313841767149 -1.63816068399e-07 -0.0667091865907 
-0.318922467151 -4.29184587674e-07 -0.0335200670313 
-0.322804875375 -3.06466280014e-07 2.43435823332e-08 
-0.325453229036 -2.68254349178e-07 0.0342065603146 
-0.326256222897 -1.24687857621e-08 0.0693479099007 
-0.324648328089 1.73430861313e-07 0.10548464963 
-0.320197053308 1.7183294905e-08 0.142561018552 
-0.312460370509 -2.46105180331e-07 0.180399256145 
-0.301680036132 -3.25569935579e-07 0.219183523785 
-0.288270421668 -2.70409723188e-07 0.259559946701 
-0.272158571035 -6.58575684216e-08 0.302262812867 
-0.252394147775 -1.83811084076e-07 0.34739122861 
-0.227002092376 -1.72712631913e-07 0.393179466172 
-0.193529554484 -5.99017409507e-08 0.434674814045 
-0.151122518731 -2.37363671628e-07 0.465108184602 
-0.102397390598 -1.87078189276e-07 0.481741769014 
-0.0513390982253 -3.45071300619e-07 0.48846228758 
5.12464545236e-08 5.82272116638e-09 0.489589954426 
0.0513396775619 -1.78124620794e-07 0.488462169023 
0.102397493131 -3.34268839294e-07 0.48174151152 
0.151122621345 -2.60752977735e-07 0.465107392705 
0.193529180411 -4.4183941378e-07 0.434673704955 
0.227001718507 -4.71150764791e-07 0.393177971115 
0.252393297294 -3.99732290799e-07 0.347389674274 
0.272157243938 -2.11314078546e-07 0.302261288331 
0.288269094782 -3.50655063564e-07 0.259558541053 
0.301678709444 -3.45026627853e-07 0.219182296417 
0.312459044011 2.58975550415e-07 0.180398138316 
0.32019525016 -3.84509483273e-07 0.142560186729 
0.324646525123 -1.95867535929e-07 0.105484025745 
0.326254420109 -3.57939772789e-07 0.0693475087913 
0.325451426422 -5.98805647163e-07 0.0342063745433 
