-4.60815095901 4.5387635231 0.594515740871 
-4.58298206329 4.53876495361 0.594775557518 
-4.5576300621 4.53876686096 0.595202624798 
-4.53200817108 4.5387673378 0.595275819302 
-4.50619888306 4.53876161575 0.594174623489 
-4.48046302795 4.53874444962 0.591065466404 
-4.4551320076 4.53871393204 0.585472404957 
-4.43033647537 4.53867149353 0.577751100063 
-4.40618562698 4.53861904144 0.568150401115 
-4.38262224197 4.53855848312 0.557154357433 
-4.35972738266 4.53849124908 0.544811010361 
-4.33761310577 4.53841590881 0.531121313572 
-4.31594991684 4.53833723068 0.516709983349 
-4.29429292679 4.53825712204 0.502112209797 
-4.27217721939 4.53817796707 0.487666666508 
-4.24959945679 4.53809833527 0.473081916571 
-4.22737503052 4.53801250458 0.457382827997 
-4.20647144318 4.53791570663 0.439804255962 
-4.18710231781 4.53780984879 0.420440793037 
-4.16925048828 4.53769540787 0.399556815624 
-4.15286970139 4.53757381439 0.377388328314 
-4.13816547394 4.53744602203 0.354001700878 
-4.12496376038 4.53731250763 0.329661279917 
-4.11300230026 4.53717565536 0.304602593184 
-4.10216808319 4.5370349884 0.278936982155 
-4.09225320816 4.53689146042 0.252767920494 
-4.08382987976 4.53674507141 0.225981891155 
-4.07708692551 4.53659486771 0.198646664619 
-4.07232666016 4.53644275665 0.170852228999 
-4.06843137741 4.53628921509 0.142820760608 
-4.06376361847 4.53613471985 0.114535689354 
-4.05755853653 4.53597640991 0.0856808051467 
-4.05134820938 4.53581380844 0.0560142621398 
-4.04910373688 4.53564977646 0.0259926319122 
-4.05238485336 4.53548765182 -0.00359426648356 
-4.05953741074 4.53532934189 -0.0324626863003 
-4.068983078 4.53517484665 -0.0606478713453 
-4.08141613007 4.53502702713 -0.0876558870077 
-4.09745645523 4.53488922119 -0.112836688757 
-4.11762237549 4.53476572037 -0.135397195816 
-4.14101171494 4.53465747833 -0.155163258314 
-4.16670751572 4.53456449509 -0.172136604786 
-4.19348621368 4.53448486328 -0.186731338501 
-4.22047233582 4.53441524506 -0.19939558208 
-4.2477684021 4.53435754776 -0.209949299693 
-4.27542161942 4.53431224823 -0.218188509345 
-4.30316495895 4.5342798233 -0.224180221558 
-4.33081769943 4.53425931931 -0.227937340736 
-4.35791063309 4.53424835205 -0.229885518551 
-4.38437318802 4.53424739838 -0.230046331882 
-4.40965747833 4.53425168991 -0.229259669781 
-4.43342161179 4.53425645828 -0.228384420276 
-4.45585680008 4.53426122665 -0.227517753839 
-4.47749614716 4.53427028656 -0.225826367736 
-4.49874258041 4.53429031372 -0.222183316946 
-4.51952838898 4.53432321548 -0.216202899814 
-4.53964567184 4.53436946869 -0.207751318812 
-4.55873155594 4.53442573547 -0.197481155396 
-4.57646846771 4.53448390961 -0.186898618937 
-4.59279489517 4.53453016281 -0.178466498852 
-4.60815095901 4.53454637527 -0.175484403968 
-4.62350654602 4.53453016281 -0.178465992212 
-4.63983345032 4.53448390961 -0.186897903681 
-4.65756988525 4.53442621231 -0.197480425239 
-4.67665576935 4.53436946869 -0.207750707865 
-4.69677305222 4.53432321548 -0.216202497482 
-4.71755886078 4.53429079056 -0.222183093429 
-4.73880577087 4.5342707634 -0.22582629323 
-4.76044511795 4.53426170349 -0.227517738938 
-4.78287982941 4.53425693512 -0.228384420276 
-4.8066444397 4.53425168991 -0.229259699583 
-4.83192825317 4.53424787521 -0.230046391487 
-4.85839128494 4.53424835205 -0.229885622859 
-4.8854842186 4.53425931931 -0.227937534451 
-4.91313695908 4.5342798233 -0.224180489779 
-4.94088029861 4.53431272507 -0.218188822269 
-4.96853399277 4.5343580246 -0.209949672222 
-4.99583005905 4.53441572189 -0.199395999312 
-5.02281618118 4.53448486328 -0.186731770635 
-5.04959487915 4.53456497192 -0.172137051821 
-5.07529115677 4.53465795517 -0.15516372025 
-5.09868001938 4.5347661972 -0.135397657752 
-5.11884641647 4.53488969803 -0.112837158144 
-5.13488674164 4.53502750397 -0.0876563340425 
-5.1473197937 4.53517580032 -0.0606482587755 
-5.15676546097 4.53532981873 -0.0324630104005 
-5.16391801834 4.53548812866 -0.00359452259727 
-5.16719961166 4.5356502533 0.0259924326092 
-5.16495466232 4.53581428528 0.0560141280293 
-5.15874433517 4.53597688675 0.0856807380915 
-5.15253973007 4.53613471985 0.114535689354 
-5.14787149429 4.53628969193 0.142820820212 
-5.14397621155 4.53644323349 0.17085236311 
-5.1392159462 4.53659534454 0.198646873236 
-5.13247299194 4.53674507141 0.225982144475 
-5.12404918671 4.53689193726 0.252768218517 
-5.11413478851 4.53703546524 0.27893730998 
-5.10330057144 4.53717565536 0.304602980614 
-5.09133911133 4.53731298447 0.329661697149 
-5.07813739777 4.53744649887 0.354002147913 
-5.06343269348 4.53757429123 0.377388834953 
-5.04705238342 4.5376958847 0.399557292461 
-5.02920007706 4.53781032562 0.420441299677 
-5.00983095169 4.53791618347 0.4398047328 
-4.98892736435 4.53801250458 0.457383304834 
-4.96670293808 4.53809833527 0.473082393408 
-4.94412517548 4.53817844391 0.487667143345 
-4.92200946808 4.53825759888 0.502112746239 
-4.90035247803 4.53833723068 0.516710519791 
-4.87868928909 4.53841638565 0.531121850014 
-4.85657453537 4.53849124908 0.544811427593 
-4.83368015289 4.53855895996 0.55715483427 
-4.81011629105 4.53861904144 0.568150818348 
-4.78596544266 4.53867149353 0.577751457691 
-4.76116991043 4.53871393204 0.585472643375 
-4.73583841324 4.53874444962 0.591065645218 
-4.71010303497 4.53876161575 0.594174683094 
-4.68429374695 4.5387673378 0.595275878906 
-4.65867185593 4.53876686096 0.595202624798 
-4.6333193779 4.53876495361 0.594775557518 
