-4.60815095901 5.01836919785 0.531365334988 
-4.58613395691 5.01836919785 0.531999230385 
-4.56385183334 5.01836919785 0.53337174654 
-4.54116249084 5.01836919785 0.534843921661 
-4.51811408997 5.01836919785 0.535485029221 
-4.49491882324 5.01836919785 0.534482240677 
-4.47171115875 5.01836919785 0.531813085079 
-4.44864320755 5.01836919785 0.527426481247 
-4.42558193207 5.01836919785 0.521951496601 
-4.40225553513 5.01836919785 0.51598739624 
-4.37845611572 5.01836919785 0.509737610817 
-4.35408830643 5.01836919785 0.503116607666 
-4.32971906662 5.01836919785 0.495123296976 
-4.3056344986 5.01836919785 0.485471427441 
-4.28176116943 5.01836919785 0.474387288094 
-4.25814676285 5.01836919785 0.461898684502 
-4.2351565361 5.01836919785 0.4477404356 
-4.21268129349 5.01836919785 0.432139754295 
-4.19067955017 5.01836919785 0.415205270052 
-4.16986751556 5.01836919785 0.396519184113 
-4.15059089661 5.01836919785 0.376067131758 
-4.1316242218 5.01836919785 0.354697197676 
-4.1114692688 5.01836919785 0.33303168416 
-4.09027290344 5.01836919785 0.310689419508 
-4.06930828094 5.01836919785 0.286975353956 
-4.04972839355 5.01836919785 0.261523634195 
-4.02993535995 5.01836919785 0.234798178077 
-4.00839328766 5.01836919785 0.206886976957 
-3.98541092873 5.01836919785 0.177347332239 
-3.96471190453 5.01836919785 0.145615935326 
-3.94686579704 5.01836919785 0.111894726753 
-3.9310028553 5.01836919785 0.0764069035649 
-3.91736268997 5.01836919785 0.0392899662256 
-3.90700817108 5.01836919785 0.000844634254463 
-3.90151238441 5.01836919785 -0.038305900991 
-3.90221381187 5.01836919785 -0.0772605091333 
-3.91032791138 5.01836919785 -0.114841677248 
-3.92506766319 5.01836919785 -0.15031632781 
-3.94465780258 5.01836919785 -0.183511450887 
-3.96764850616 5.01836919785 -0.2144574821 
-3.99362850189 5.01836919785 -0.242899924517 
-4.02168273926 5.01836919785 -0.268962085247 
-4.0515704155 5.01836919785 -0.29248458147 
-4.08290624619 5.01836919785 -0.31343999505 
-4.11527204514 5.01836919785 -0.331895530224 
-4.14804935455 5.01836919785 -0.348206609488 
-4.18076372147 5.01836919785 -0.362766981125 
-4.21322584152 5.01836919785 -0.375797271729 
-4.24554538727 5.01836919785 -0.387188673019 
-4.27801513672 5.01836919785 -0.396469503641 
-4.31035614014 5.01836919785 -0.403900563717 
-4.34213972092 5.01836919785 -0.410181432962 
-4.37340354919 5.01836919785 -0.415356129408 
-4.4045715332 5.01836919785 -0.418447852135 
-4.43583965302 5.01836919785 -0.418424487114 
-4.46710586548 5.01836919785 -0.414491742849 
-4.4979095459 5.01836919785 -0.406750500202 
-4.52812767029 5.01836919785 -0.393352508545 
-4.55713844299 5.01836919785 -0.37345635891 
-4.58384847641 5.01836919785 -0.351819068193 
-4.60815095901 5.01836919785 -0.342117488384 
-4.63245296478 5.01836919785 -0.351818114519 
-4.6591629982 5.01836919785 -0.373455375433 
-4.68817424774 5.01836919785 -0.393351793289 
-4.71839237213 5.01836919785 -0.406750112772 
-4.74919557571 5.01836919785 -0.414491534233 
-4.78046178818 5.01836919785 -0.418424427509 
-4.81173038483 5.01836919785 -0.418447881937 
-4.84289836884 5.01836919785 -0.415356278419 
-4.87416219711 5.01836919785 -0.410181641579 
-4.90594577789 5.01836919785 -0.403900772333 
-4.93828678131 5.01836919785 -0.39646974206 
-4.97075653076 5.01836919785 -0.387188971043 
-5.00307655334 5.01836919785 -0.375797599554 
-5.0355386734 5.01836919785 -0.36276730895 
-5.06825256348 5.01836919785 -0.348206967115 
-5.10103034973 5.01836919785 -0.331895947456 
-5.13339614868 5.01836919785 -0.313440382481 
-5.16473197937 5.01836919785 -0.292484998703 
-5.19461965561 5.01836919785 -0.26896250248 
-5.22267389297 5.01836919785 -0.24290035665 
-5.2486538887 5.01836919785 -0.214457914233 
-5.27164506912 5.01836919785 -0.183511838317 
-5.29123497009 5.01836919785 -0.150316700339 
-5.30597496033 5.01836919785 -0.114842019975 
-5.31408882141 5.01836919785 -0.0772608146071 
-5.31479024887 5.01836919785 -0.0383061505854 
-5.30929470062 5.01836919785 0.000844444555696 
-5.29894018173 5.01836919785 0.039289843291 
-5.28530025482 5.01836919785 0.0764068439603 
-5.26943731308 5.01836919785 0.111894726753 
-5.25159072876 5.01836919785 0.14561599493 
-5.2308921814 5.01836919785 0.177347451448 
-5.20790958405 5.01836919785 0.20688714087 
-5.18636703491 5.01836919785 0.234798401594 
-5.16657447815 5.01836919785 0.261523872614 
-5.14699459076 5.01836919785 0.286975622177 
-5.12602949142 5.01836919785 0.310689747334 
-5.10483360291 5.01836919785 0.333032041788 
-5.08467817307 5.01836919785 0.354697614908 
-5.06571149826 5.01836919785 0.376067578793 
-5.0464348793 5.01836919785 0.396519601345 
-5.0256228447 5.01836919785 0.415205687284 
-5.00362110138 5.01836919785 0.432140231133 
-4.98114585876 5.01836919785 0.447740882635 
-4.95815515518 5.01836919785 0.461899101734 
-4.93454122543 5.01836919785 0.474387705326 
-4.91066741943 5.01836919785 0.485471814871 
-4.88658285141 5.01836919785 0.495123624802 
-4.8622136116 5.01836919785 0.503116905689 
-4.83784580231 5.01836919785 0.509737849236 
-4.8140463829 5.01836919785 0.515987634659 
-4.79071998596 5.01836919785 0.521951794624 
-4.76765871048 5.01836919785 0.527426660061 
-4.74459075928 5.01836919785 0.531813263893 
-4.72138309479 5.01836919785 0.534482300282 
-4.69818782806 5.01836919785 0.535485029221 
-4.67513942719 5.01836919785 0.534843862057 
-4.65245008469 5.01836919785 0.533371686935 
-4.63016748428 5.01836919785 0.53199917078 
