-5.46473459534e-08 -2.07131750118e-08 0.11195481789 
0.0181004767998 -3.96483058901e-08 0.114280750821 
0.0370118071303 1.66177190457e-08 0.113910535804 
0.056141736948 2.67225047311e-08 0.110184697491 
0.0745854795918 9.0761622263e-10 0.102658145139 
0.0915638188026 1.38899745499e-08 0.0915637233996 
0.106431462251 -1.4977713454e-08 0.0773268851095 
0.118629709525 -1.96351186412e-08 0.0604448771682 
0.12794880602 -1.02007182302e-08 0.0415730585744 
0.134307671099 -3.63231087656e-09 0.0212722461661 
0.137893818118 3.21161688667e-08 1.33980042375e-09 
0.138177954335 3.14158100194e-08 -0.0218852442303 
0.135273209085 6.86577527383e-09 -0.0439529118742 
0.129137728756 -2.29302687471e-08 -0.0657989182159 
0.119862402578 -9.10120438648e-09 -0.0870850458387 
0.107378108828 3.5436018001e-08 -0.107378157583 
0.0919213780659 -2.1273129511e-08 -0.126518942362 
0.0738158246546 5.79003921501e-09 -0.144871498243 
0.0528540785621 1.66458665484e-08 -0.162667950121 
0.0284824576357 2.26681795238e-08 -0.179831852246 
-5.47621103929e-08 -2.21563669762e-08 -0.192587747706 
-0.0309135071121 -2.02520724251e-08 -0.195181354551 
-0.059618924293 -2.14417251879e-08 -0.183488197552 
-0.0829310091811 3.87892941153e-08 -0.16276100609 
-0.100425006487 -1.66464274353e-08 -0.138223494805 
-0.113148951714 1.29787621674e-08 -0.11314902227 
-0.122025581603 -1.52440496302e-08 -0.0886569566105 
-0.127582500329 1.35563208358e-08 -0.0650065952078 
-0.129943127106 1.78397836295e-08 -0.0422210907968 
-0.12897639689 -1.72745054398e-08 -0.0204278903268 
-0.125127639227 1.65455990696e-08 4.81327941547e-10 
-0.118872339252 -2.27792243792e-08 0.0188275487246 
-0.110368337025 3.34967791196e-08 0.0358608547258 
-0.100086816369 -4.25876182149e-09 0.0509967463407 
-0.088449664927 1.0641948218e-08 0.0642622948867 
-0.0757620735625 -1.55422993486e-08 0.075762020742 
-0.0622378556252 -2.73680275708e-09 0.0856630373922 
-0.0479846445259 -2.67917941357e-08 0.0941756349978 
-0.0329651238414 -1.73278700065e-08 0.10145562501 
-0.0170247892077 1.66843632806e-08 0.107490586343 
