7.34334536434e-08 -1.43778953161e-08 0.257764877497 
0.0433691240983 4.53054535706e-09 0.273821426378 
0.0883659833085 7.7153958639e-08 0.27196248847 
0.129434194533 2.9329822071e-08 0.254028666072 
0.165672807325 -9.77514953877e-09 0.228028959104 
0.196337284535 2.42262111075e-08 0.196337087972 
0.221166199422 -1.70190485108e-08 0.160686514402 
0.238669525589 5.29370174467e-08 0.121608070728 
0.251934953617 -7.94074422536e-09 0.0818585487726 
0.264379794448 7.89072299584e-08 0.0418736144135 
0.276342935195 6.79264193539e-08 -3.16532742988e-09 
0.285297294343 7.57437994062e-08 -0.0451866176889 
0.286333379411 -2.23740996945e-08 -0.093035270897 
0.277339086225 6.62942659171e-08 -0.141311246698 
0.253825129347 -1.00576978985e-08 -0.184414654884 
0.220958597126 -3.01604539763e-08 -0.220958365999 
0.183258407819 4.98353771843e-08 -0.252233325348 
0.141413357575 -9.62740800449e-09 -0.277539463436 
0.0956784205593 3.51467028571e-09 -0.29446804969 
0.0477555397011 3.08451619478e-08 -0.301516738168 
7.55277658873e-08 1.19447347444e-08 -0.298197403306 
-0.0451522384175 2.76882600064e-08 -0.285079721572 
-0.086075990399 6.78136389955e-08 -0.264914671824 
-0.121713096654 -3.02133589519e-08 -0.238875871799 
-0.151130758661 8.46439073814e-08 -0.208013838309 
-0.174868103987 -1.4955699866e-08 -0.174868333344 
-0.190523819886 2.78175142036e-09 -0.138423847185 
-0.195999422898 -2.95017397664e-09 -0.0998667805457 
-0.194207066445 2.0700056321e-08 -0.0631018286407 
-0.187184978302 1.78983441072e-08 -0.0296471798891 
-0.175171369465 4.22360769458e-08 -4.47424162147e-09 
-0.161150152619 5.00574730911e-08 0.0255237036522 
-0.147160035573 -3.57340199462e-08 0.0478151943069 
-0.133516225931 4.91072746772e-08 0.0680300290271 
-0.120190997304 8.39018753761e-08 0.0873238280399 
-0.10697818229 8.3531849754e-08 0.10697825231 
-0.0934711930425 -8.10906626439e-09 0.128652089148 
-0.0787472906961 -2.14142172497e-08 0.15455048634 
-0.0608218252469 5.85378176063e-08 0.187190724338 
-0.0357231259189 -1.75215288611e-09 0.225549147157 
