8.40863788803e-08 2.04757051455e-09 0.198587858583 
0.0298893915067 -1.2951574138e-07 0.188713707499 
0.0563036965316 2.22293762191e-07 0.17328442227 
0.0791313099378 -1.50501193001e-08 0.15530397035 
0.0988818805364 -2.89755292364e-08 0.136098941755 
0.115578657869 -2.26978960138e-07 0.115578554241 
0.129516651455 -2.06920672787e-07 0.0940993616622 
0.141060657424 -2.07395090282e-07 0.0718739447929 
0.14968744252 3.02100931972e-07 0.0486362810208 
0.154506016774 6.2748544645e-08 0.0244713093701 
0.154963736907 9.37067302989e-08 2.29238713317e-09 
0.151019151299 4.43368399564e-08 -0.0239190386592 
0.143637084218 2.65391541937e-08 -0.0466704398512 
0.133891590328 1.4548619557e-07 -0.0682211095716 
0.122210319573 -3.27356114924e-07 -0.0887909450267 
0.108398639852 -1.81107771474e-07 -0.108398494126 
0.0923036025433 3.44270703785e-08 -0.127044721991 
0.0733677033875 -2.03010448389e-07 -0.143991900448 
0.0517586783632 7.76776989571e-08 -0.159296001426 
0.027392420517 -6.08591560827e-08 -0.172948096664 
1.0176986386e-07 3.54811556919e-08 -0.184620564634 
-0.0306797239787 1.89451956781e-07 -0.193705239141 
-0.0647531950379 -3.75309678828e-07 -0.19928959778 
-0.101373089938 -3.16917573365e-08 -0.198955939855 
-0.138257512848 -8.28645973644e-08 -0.190295499682 
-0.17210405292 5.50821569953e-08 -0.17210415699 
-0.199303695636 -1.68288164307e-07 -0.144802657517 
-0.215532900239 -1.79066150338e-07 -0.109819586637 
-0.22020044611 3.91866390587e-08 -0.0715475706991 
-0.215670689075 -1.13370805979e-07 -0.0341589236702 
-0.206331813686 -2.54576415781e-08 6.05130305711e-09 
-0.195975665159 -1.00274692508e-07 0.0310395244085 
-0.185395039914 -3.30811684643e-08 0.0602385727606 
-0.173752284575 3.1181625379e-08 0.0885312550251 
-0.159496496444 -3.22422436118e-07 0.115881072786 
-0.141139033963 -4.08281710634e-07 0.14113903651 
-0.118917915803 3.5129922242e-08 0.163676780754 
-0.0929276518197 2.89632147359e-07 0.182381359939 
-0.0633484176815 -1.68081355004e-07 0.19496618779 
-0.0317627129784 2.03911838768e-08 0.200543370756 
