-4.2045788765 2.83612823486 0.519422650337 
-4.14620637894 2.84338545799 0.502046346664 
-4.09205293655 2.85002851486 0.479538947344 
-4.04272222519 2.85596084595 0.450558751822 
-4.00101613998 2.86078834534 0.412697941065 
-3.96853470802 2.86433625221 0.36814469099 
-3.94638156891 2.86649608612 0.319258362055 
-3.93160462379 2.86770749092 0.270333766937 
-3.92192769051 2.86828136444 0.222684144974 
-3.91692852974 2.86826777458 0.176019608974 
-3.9184615612 2.86742520332 0.130092963576 
-3.92836642265 2.86553263664 0.0860077738762 
-3.94592356682 2.86270570755 0.0454177223146 
-3.96629667282 2.85955882072 0.00778240663931 
-3.98915433884 2.85612440109 -0.0275657046586 
-4.01531028748 2.85229945183 -0.0605378262699 
-4.04502487183 2.848051548 -0.0910692662001 
-4.07885360718 2.84332036972 -0.118371061981 
-4.11726474762 2.83807373047 -0.140456423163 
-4.1594376564 2.83242440224 -0.156797721982 
-4.2045788765 2.8264772892 -0.1671641469 
-4.25201797485 2.82032346725 -0.171255737543 
-4.30057668686 2.81414198875 -0.167067795992 
-4.34821796417 2.80821251869 -0.153328746557 
-4.39218616486 2.80289888382 -0.129368454218 
-4.43037223816 2.79845190048 -0.0966102331877 
-4.46074533463 2.79511165619 -0.0565552003682 
-4.48293924332 2.79288768768 -0.0118712382391 
-4.49824523926 2.79157853127 0.0349469408393 
-4.50701093674 2.79112577438 0.0828662961721 
-4.51007509232 2.791410923 0.13116145134 
-4.51067066193 2.79202103615 0.180036529899 
-4.50787639618 2.79308962822 0.230505362153 
-4.4986371994 2.79500365257 0.28218793869 
-4.48236989975 2.79783058167 0.334577679634 
-4.45759344101 2.80173921585 0.386136323214 
-4.42318534851 2.80683851242 0.434334903955 
-4.37971687317 2.81303071976 0.477445662022 
-4.32677316666 2.82029175758 0.509960651398 
-4.26645231247 2.82824873924 0.524548947811 
