-5.01957178116 2.83995127678 0.517838716507 
-4.95803022385 2.83156490326 0.525272667408 
-4.89723014832 2.8229534626 0.513273775578 
-4.84323263168 2.81496882439 0.48267108202 
-4.79853010178 2.80807518959 0.440535902977 
-4.76276826859 2.80232262611 0.392740696669 
-4.73655605316 2.79782652855 0.341141611338 
-4.71915531158 2.7945253849 0.288136541843 
-4.70924377441 2.79226541519 0.235431954265 
-4.70583248138 2.79092264175 0.183820307255 
-4.70638084412 2.79015231133 0.133661866188 
-4.7093963623 2.78973245621 0.0840674191713 
-4.71837472916 2.79014372826 0.0348518304527 
-4.73423624039 2.79152750969 -0.0131515627727 
-4.75725221634 2.79394006729 -0.0588292367756 
-4.78894376755 2.79764008522 -0.0993203371763 
-4.82841444016 2.80254435539 -0.132194414735 
-4.87384271622 2.80843544006 -0.155418366194 
-4.92251348495 2.81494879723 -0.168356463313 
-4.97186613083 2.82173013687 -0.170981511474 
-5.01957178116 2.82841300964 -0.165953755379 
-5.06466627121 2.83484220505 -0.154559835792 
-5.10638475418 2.84090900421 -0.136958986521 
-5.14393234253 2.84649419785 -0.113718338311 
-5.17685413361 2.8515162468 -0.0859457105398 
-5.20569562912 2.85602116585 -0.0553716421127 
-5.23088026047 2.86005854607 -0.0225255023688 
-5.25292444229 2.86369633675 0.0123730720952 
-5.27246999741 2.86702418327 0.0493994131684 
-5.28890132904 2.86996912956 0.0892453715205 
-5.29793167114 2.87194442749 0.132281735539 
-5.29914093018 2.87286567688 0.176973342896 
-5.29420423508 2.87294888496 0.222360342741 
-5.28484153748 2.87243652344 0.268740952015 
-5.27069759369 2.87128615379 0.316509068012 
-5.24959897995 2.86917924881 0.364577919245 
-5.21855783463 2.86563420296 0.408914804459 
-5.17835187912 2.86071801186 0.447105526924 
-5.13033866882 2.85457801819 0.476774215698 
-5.07713317871 2.84760499001 0.499630838633 
