-4.11814498901 2.16189908981 0.411104619503 
-4.0782084465 2.16679382324 0.394189745188 
-4.04382276535 2.17088007927 0.370527982712 
-4.01505088806 2.17420268059 0.343854427338 
-3.99117898941 2.17687916756 0.316007375717 
-3.97206258774 2.1789290905 0.287068665028 
-3.95740795135 2.18039679527 0.257504105568 
-3.94702172279 2.1813120842 0.227654308081 
-3.94063472748 2.18171429634 0.1978880018 
-3.93792510033 2.18164968491 0.168513953686 
-3.93835878372 2.18118953705 0.139738857746 
-3.94099473953 2.18045330048 0.11145786196 
-3.94452166557 2.17959833145 0.0828781276941 
-3.9496717453 2.17851948738 0.053220693022 
-3.95903563499 2.17689466476 0.0232375729829 
-3.97431516647 2.17453145981 -0.00519422069192 
-3.99517035484 2.17149162292 -0.0307932477444 
-4.0215921402 2.16780996323 -0.0511458851397 
-4.05248355865 2.16366243362 -0.0637815594673 
-4.08493709564 2.15938520432 -0.071366339922 
-4.11814498901 2.15505456924 -0.0758526697755 
-4.15228939056 2.15064740181 -0.077206030488 
-4.1874871254 2.14615559578 -0.0749582126737 
-4.22277784348 2.14173555374 -0.066769272089 
-4.25550413132 2.13776159286 -0.0502826459706 
-4.28237915039 2.13466024399 -0.025208292529 
-4.30278682709 2.13246440887 0.00515728490427 
-4.31882095337 2.13085627556 0.037345893681 
-4.33363866806 2.12940907478 0.0698658451438 
-4.34857177734 2.12796545029 0.103687241673 
-4.36192178726 2.12676739693 0.140503823757 
-4.36975574493 2.12632536888 0.180692911148 
-4.370013237 2.12688732147 0.223020195961 
-4.36152458191 2.12857556343 0.2655184865 
-4.34438276291 2.13135004044 0.306178689003 
-4.31992912292 2.13502216339 0.343851178885 
-4.28921413422 2.13944578171 0.377741843462 
-4.25132083893 2.14468169212 0.403799504042 
-4.20757293701 2.15049934387 0.417692065239 
-4.16201639175 2.15637755394 0.419387042522 
