-2.22736076852e-07 2.42586415803e-07 0.399792478022 
0.0209992088731 1.08183596964e-07 0.400689242592 
0.0423739113241 -7.10750121182e-08 0.403161500512 
0.0644505180706 -1.64281665011e-07 0.406924159207 
0.087436453277 -1.09822424771e-07 0.411356486937 
0.111383692194 6.7800655267e-09 0.415690465867 
0.136219755575 1.20448302476e-07 0.419241406819 
0.161967054767 1.38884363636e-07 0.421939093964 
0.188497320574 -7.01380736925e-08 0.423372307966 
0.21591211931 2.49456362792e-07 0.423751281702 
0.244169012468 8.24378480917e-08 0.422913107672 
0.273340002461 1.13850836977e-07 0.420906844989 
0.302831903863 1.35324263372e-07 0.416812719445 
0.332009092744 -1.98836872801e-07 0.409997241483 
0.360500112957 5.09148911983e-08 0.400375895595 
0.388008848627 7.81112223426e-08 0.388008849156 
0.414083258128 1.7618877542e-07 0.372842488592 
0.43879725122 2.41350456209e-07 0.35533112675 
0.46268440868 3.35102009367e-07 0.33616013825 
0.486887709178 4.49939747781e-08 0.316188555857 
0.512804762423 9.49468643956e-08 0.296067931675 
0.541575209222 1.50922784124e-07 0.275946413439 
0.558111445061 -1.45478347203e-07 0.248487332274 
0.569134012842 -2.63305634015e-07 0.218470190995 
0.580338732418 -3.20947768682e-08 0.188563470888 
0.589071528167 -1.04402545129e-07 0.157841285748 
0.597274557832 2.46762778237e-07 0.126954666147 
0.610945956028 1.24654301981e-07 0.0967643558511 
0.630444304297 -1.95784226867e-07 0.0662623969039 
0.651858822688 1.29428359369e-07 0.0341624766061 
0.669927374742 -1.72182834369e-07 7.47784047575e-11 
0.684914605082 -4.76166803508e-08 -0.0358948643947 
0.699633852941 9.50991527133e-08 -0.0735344797384 
1.12352730474 -1.22218415595e-07 -0.177949280861 
1.11235143391 2.2269873047e-07 -0.236437623503 
1.08733822558 6.00430062033e-08 -0.291351447112 
1.05022241333 1.77174535795e-08 -0.34123800481 
0.993558661776 7.12828944561e-08 -0.381391543761 
0.691619889495 9.07791533016e-08 -0.307929058123 
0.669169680866 2.47004700807e-07 -0.340959064123 
0.644147889442 4.00693160278e-07 -0.371899091332 
0.617131965019 1.91040180788e-07 -0.40077028679 
0.587579982168 2.35521801247e-07 -0.42690180168 
0.55592610112 -8.7358199776e-08 -0.450180120658 
0.523095385963 -6.0694358033e-08 -0.470997295228 
0.489287631466 -4.24909631772e-08 -0.489287940076 
0.454775111647 1.15391151174e-07 -0.505079085503 
0.41964079617 2.80648891283e-08 -0.518213374994 
0.383941905496 -1.89104938305e-07 -0.528450657202 
0.348634974963 2.63114861857e-08 -0.536851341384 
0.314034240259 1.18056452051e-07 -0.54392332938 
0.280110137483 5.02822431517e-08 -0.54974714847 
0.24664141419 2.5522072728e-07 -0.553966384967 
0.213228957679 -4.91819444432e-08 -0.555480486489 
0.179830329442 -1.54240006602e-07 -0.553461081184 
0.146850841063 2.66533982616e-07 -0.548054826689 
0.1145594287 3.51247790542e-08 -0.538959529378 
0.0832255053457 3.40671464493e-08 -0.525465610282 
0.0534045862902 -1.23878792335e-07 -0.508111816183 
0.0257342028184 -1.71087683391e-07 -0.491039300017 
-2.21780839496e-07 5.10000273616e-08 -0.483593613313 
-0.0257341695266 -1.94675285538e-07 -0.491038704035 
-0.0534045529615 -1.70298152406e-07 -0.50811104145 
-0.0832254719797 -3.50870301422e-08 -0.525464984622 
-0.114559395305 -5.76326784898e-08 -0.538959112399 
-0.146850807649 1.49090653295e-07 -0.54805455879 
-0.179830296016 1.80243817038e-07 -0.553461019357 
-0.213228924248 -2.1741483686e-07 -0.555480516752 
-0.2466418576 6.14164378142e-08 -0.553966564312 
-0.280110580901 -1.69790532192e-07 -0.549747357689 
-0.314034683691 -1.28481231813e-07 -0.543923598276 
-0.348635895246 2.29441137539e-07 -0.536851637546 
-0.38394234896 -1.35320859782e-08 -0.528451013044 
-0.419641239657 1.75607996084e-07 -0.518213760714 
-0.454776031999 2.35676614285e-07 -0.505079560705 
-0.489288551853 5.08648930566e-08 -0.489288474957 
-0.523096306389 5.96205452726e-09 -0.470997830182 
-0.555927021591 -4.66296207326e-08 -0.450180655682 
-0.587580902689 2.51415153688e-07 -0.426902366575 
-0.617132885597 1.83431845994e-07 -0.400770821947 
-0.644149048501 -1.05080918521e-07 -0.371899629159 
-0.669171078411 -2.78775076679e-07 -0.340959557301 
-0.691621048692 2.40995783841e-08 -0.307929548738 
-0.993559582396 2.41428837312e-07 -0.3813917493 
-1.05022357246 1.43195095821e-07 -0.341238225373 
-1.0873391464 1.56045572629e-07 -0.291351637953 
-1.11235259326 -1.78127631053e-07 -0.236437772306 
-1.1235282258 -5.52039533512e-08 -0.177949397275 
-0.699635251063 2.01727905761e-08 -0.0735346201989 
-0.684916241705 -1.11326736509e-07 -0.0358949303186 
-0.669928773024 2.52406051312e-07 3.84878465778e-09 
-0.651859982625 9.11304268976e-08 0.0341625374116 
-0.630445702722 2.59414908792e-07 0.0662625050699 
-0.610947354519 1.1801409206e-07 0.0967645359526 
-0.597276433226 -2.26563574956e-07 0.126954962874 
-0.589073403627 3.81919773169e-07 0.157841677121 
-0.580340131107 -1.6195242679e-08 0.188563949074 
-0.569135888434 2.37946150043e-07 0.218470731421 
-0.55811284388 -1.12351384795e-07 0.248487870112 
-0.541576131263 1.97598944937e-07 0.275946861908 
-0.512805684507 1.64181079231e-07 0.296068410007 
-0.486888631307 1.34532795526e-07 0.316189064047 
-0.462685807689 -3.32381844921e-08 0.336160673684 
-0.438798173433 -1.08124829603e-07 0.355331662234 
-0.414084180379 -1.53605592628e-07 0.372842994328 
-0.388009294073 2.45902347618e-07 0.388009327758 
-0.36050055843 2.40757273345e-07 0.400376314653 
-0.332009538238 1.38325187414e-08 0.409997600998 
-0.302832349372 -1.05141025937e-07 0.416812957205 
-0.273340447979 -1.02997003835e-07 0.420907023209 
-0.244168981153 3.65784214149e-07 0.422913228963 
-0.215912087996 7.86148303259e-08 0.423751340838 
-0.188497766097 2.58153704466e-07 0.423372250566 
-0.161967500287 1.12982306871e-08 0.42193903401 
-0.136219724252 1.35225322495e-08 0.419241287317 
-0.111384137701 -8.02053608262e-08 0.415690286815 
-0.0874364219367 -1.77569073731e-07 0.411356248333 
-0.0644504867207 -2.13875328326e-07 0.406923920653 
-0.0423738799661 -1.03560246144e-07 0.403161321609 
-0.0209991775099 9.1926047689e-08 0.400689182943 
