-1.53513750859e-07 -1.76438451015e-07 0.222899365819 
0.0347834640991 -1.38654357679e-07 0.219613960605 
0.0692702518317 -3.75137177534e-07 0.213192441576 
0.101902400227 -2.709332797e-07 0.199995076439 
0.129480438291 -7.147822104e-08 0.178214441545 
0.151411994158 -4.40020746888e-07 0.15141211805 
0.166840123852 3.17199422908e-08 0.121216342386 
0.175824303944 7.78791081832e-08 0.0895868666537 
0.180293844446 -2.07837494569e-07 0.0585810686749 
0.18143324006 3.02317431297e-08 0.0287361880811 
0.179279838566 1.29292221374e-08 -2.08220087678e-09 
0.174539765624 -2.29878869717e-07 -0.0276443837235 
0.167994743762 -1.26243052193e-08 -0.0545847934659 
0.159815330521 -1.68711654223e-07 -0.0814300412006 
0.148935787418 1.31601715907e-07 -0.10820817595 
0.133730758563 -2.49764647034e-07 -0.133731001837 
0.114596583071 -4.70972244225e-08 -0.1577287471 
0.0916591009712 1.00441766918e-08 -0.179891109458 
0.0647593010735 -3.61857828295e-07 -0.199308866711 
0.0337297960407 5.50784952022e-08 -0.212961864357 
-1.5380686115e-07 -1.76992624172e-07 -0.219766762387 
-0.0350242549195 -2.39796322035e-08 -0.221135476268 
-0.0704236688284 -1.38230875597e-07 -0.216741764186 
-0.103845490118 -1.514091186e-07 -0.20380834949 
-0.132685779014 -3.35347224673e-07 -0.182626310817 
-0.156720934558 -1.64050627333e-07 -0.156720846838 
-0.177278624883 -4.09193914495e-07 -0.128800276817 
-0.195969893804 -1.36470530994e-07 -0.0998516354104 
-0.212101415062 -5.8256682367e-08 -0.0689159835945 
-1.01178288987 9.88684778214e-08 -0.160250663904 
-1.59577296499 1.04049108496e-07 -2.52172397417e-09 
-0.206071617515 9.90796153455e-08 0.0326385364135 
-0.200631741611 1.46217226091e-07 0.0651892709339 
-0.193164037476 -8.52300416979e-08 0.0984220073437 
-0.180094871862 -2.18099892479e-07 0.130846507454 
-0.162623368003 -2.09186512987e-07 0.162623238884 
-0.140434616321 -2.77342356234e-07 0.193291609671 
-0.110610672673 -7.50133934239e-08 0.217085513482 
-0.0734465831581 -7.3495448883e-08 0.226045008682 
-0.0357013242711 -1.91383822758e-07 0.225409308408 
