-4.60815000534 6.98773336411 0.326227933168 
-4.59637594223 6.98773097992 0.325777292252 
-4.5846824646 6.98772335052 0.32439032197 
-4.57315969467 6.98771047592 0.322031855583 
-4.56191015244 6.98769187927 0.318653285503 
-4.55102491379 6.98766851425 0.314306259155 
-4.5406870842 6.98763751984 0.30874273181 
-4.53096055984 6.98760175705 0.302197873592 
-4.52190160751 6.98756170273 0.294830441475 
-4.51363563538 6.9875164032 0.286608397961 
-4.50600481033 6.98746967316 0.27803376317 
-4.4991569519 6.98741960526 0.268947869539 
-4.49286699295 6.98736953735 0.259786963463 
-4.48721885681 6.98731851578 0.250451207161 
-4.48205900192 6.98726797104 0.241152137518 
-4.47745609283 6.98721647263 0.23180796206 
-4.473279953 6.98716545105 0.222551986575 
-4.46953392029 6.98711538315 0.213363468647 
-4.46620559692 6.98706531525 0.204243138433 
-4.46323537827 6.98701620102 0.195223301649 
-4.46071004868 6.98696708679 0.186239331961 
-4.45842170715 6.98691892624 0.177405431867 
-4.45659351349 6.98687028885 0.168592438102 
-4.45494842529 6.98682260513 0.159923925996 
-4.4537730217 6.98677539825 0.151275530457 
-4.45275020599 6.98672866821 0.142754793167 
-4.45216846466 6.98668241501 0.134270653129 
-4.45174407959 6.98663663864 0.125888139009 
-4.45173311234 6.98659086227 0.11755605042 
-4.45184755325 6.98654556274 0.109307572246 
-4.45236873627 6.98650074005 0.101116240025 
-4.4530544281 6.9864563942 0.0929881557822 
-4.45404529572 6.98641204834 0.0849194303155 
-4.45527029037 6.98636817932 0.0769028365612 
-4.45668554306 6.9863243103 0.0689219981432 
-4.4584274292 6.98628091812 0.0609987936914 
-4.46037149429 6.98623800278 0.0531008318067 
-4.46264076233 6.9861946106 0.0452613905072 
-4.46507453918 6.98615169525 0.0374158732593 
-4.46785497665 6.98610925674 0.0296334307641 
-4.4709687233 6.98606681824 0.0219157710671 
-4.47428321838 6.98602485657 0.0141835482791 
-4.4781036377 6.98598337173 0.00663334596902 
-4.4822101593 6.98594236374 -0.000866067071911 
-4.48669242859 6.98590183258 -0.00824287347496 
-4.49168777466 6.98586273193 -0.0153441568837 
-4.49702739716 6.98582458496 -0.0222958195955 
-4.50277090073 6.98578834534 -0.0290140192956 
-4.50908613205 6.98575401306 -0.0352310463786 
-4.51578330994 6.98572158813 -0.0411136560142 
-4.52280282974 6.98569107056 -0.0467073209584 
-4.53028297424 6.98566389084 -0.0517040789127 
-4.53814268112 6.98563957214 -0.0561198182404 
-4.54629707336 6.98561811447 -0.0600136034191 
-4.55472230911 6.98559999466 -0.0633139610291 
-4.56335783005 6.98558521271 -0.0660469159484 
-4.57216596603 6.98557376862 -0.0681714713573 
-4.58109092712 6.98556518555 -0.0697254911065 
-4.59008264542 6.9855594635 -0.0707813799381 
-4.5991101265 6.98555612564 -0.0713708102703 
-4.60815000534 6.98555517197 -0.0715537145734 
-4.61718988419 6.98555612564 -0.0713709667325 
-4.62621736526 6.9855594635 -0.0707816407084 
-4.63520908356 6.98556518555 -0.0697258934379 
-4.64413356781 6.98557329178 -0.0681720152497 
-4.65294218063 6.98558568954 -0.0660476312041 
-4.66157770157 6.9856004715 -0.063314832747 
-4.67000341415 6.98561859131 -0.0600146241486 
-4.67815732956 6.98563957214 -0.056120980531 
-4.68601751328 6.98566389084 -0.0517053753138 
-4.69349813461 6.98569107056 -0.0467087961733 
-4.70051765442 6.98572206497 -0.0411152206361 
-4.70721483231 6.98575401306 -0.035232655704 
-4.71353006363 6.98578834534 -0.0290155932307 
-4.7192735672 6.9858250618 -0.0222974736243 
-4.72461366653 6.98586320877 -0.0153458015993 
-4.7296090126 6.98590183258 -0.00824450328946 
-4.73409128189 6.98594236374 -0.000867645256221 
-4.73819828033 6.98598337173 0.00663185073063 
-4.74201869965 6.98602485657 0.0141821196303 
-4.74533367157 6.98606681824 0.0219144355506 
-4.74844741821 6.98610925674 0.0296322200447 
-4.75122785568 6.98615169525 0.0374147519469 
-4.75366163254 6.9861946106 0.04526039958 
-4.75593090057 6.98623800278 0.0530999749899 
-4.7578754425 6.98628091812 0.0609980672598 
-4.75961685181 6.9863243103 0.0689214169979 
-4.76103258133 6.98636817932 0.0769023895264 
-4.76225757599 6.98641204834 0.0849191322923 
-4.76324796677 6.9864563942 0.0929880067706 
-4.76393413544 6.98650074005 0.101116240025 
-4.76445484161 6.98654556274 0.109307721257 
-4.76456928253 6.98659086227 0.117556355894 
-4.76455879211 6.98663663864 0.125888586044 
-4.76413440704 6.98668241501 0.134271249175 
-4.76355218887 6.98672866821 0.142755538225 
-4.76252937317 6.98677539825 0.151276424527 
-4.76135396957 6.98682260513 0.159924939275 
-4.75970888138 6.98687028885 0.168593615294 
-4.75788068771 6.9869184494 0.17740675807 
-4.75559234619 6.98696708679 0.186240747571 
-4.75306653976 6.98701620102 0.195224836469 
-4.75009632111 6.98706531525 0.204244822264 
-4.74676799774 6.98711538315 0.213365212083 
-4.74302196503 6.98716592789 0.222553893924 
-4.73884534836 6.98721647263 0.23180988431 
-4.73424243927 6.9872674942 0.241154164076 
-4.72908258438 6.98731851578 0.250453233719 
-4.72343444824 6.98736953735 0.259789079428 
-4.71714401245 6.98742008209 0.2689499259 
-4.71029615402 6.98746967316 0.278035879135 
-4.70266532898 6.98751688004 0.286610364914 
-4.69439935684 6.98756170273 0.294832259417 
-4.68533992767 6.98760223389 0.302199542522 
-4.67561340332 6.98763799667 0.308744162321 
-4.66527509689 6.98766851425 0.31430748105 
-4.65438985825 6.98769235611 0.318654179573 
-4.64314031601 6.98771047592 0.322032600641 
-4.63161754608 6.98772335052 0.324390739202 
-4.61992406845 6.98773097992 0.325777500868 
