-2.07567436201e-07 1.93503000787e-07 0.403278428451 
0.0211637328617 5.35703834135e-08 0.403827931122 
0.0426309417222 -1.56100018125e-07 0.405609181866 
0.0646388839191 -3.45455891726e-08 0.408113628424 
0.0872934173025 2.0144109937e-07 0.410684297361 
0.110563547458 5.24035700883e-08 0.4126287484 
0.134328634585 1.31721085483e-08 0.4134212634 
0.158777983034 3.03337402268e-07 0.413631255276 
0.184092790926 1.92698355797e-07 0.413479141308 
0.210259229984 -6.16470268392e-08 0.41265676227 
0.237148077337 -1.12810494409e-07 0.410752484214 
0.264691622109 5.27048569766e-08 0.407589696001 
0.29245069728 1.50322218e-07 0.402523762174 
0.320250780448 1.2879487355e-07 0.39547695683 
0.347750456209 -1.64892554328e-07 0.386215983054 
0.374581606276 -3.36336164919e-07 0.37458172602 
0.400194437407 -3.89541827224e-08 0.360336719161 
0.424563677232 -9.3844306982e-08 0.343805033293 
0.447605879248 2.11908284999e-07 0.325204768988 
0.469322473966 8.9764206467e-09 0.304781734726 
0.489926130759 -8.76044729432e-08 0.282858995892 
0.508493216051 -8.95062278905e-08 0.259090333655 
0.522517950576 -1.89441111075e-07 0.232640047507 
0.533734591079 1.98006873266e-07 0.204881571472 
0.546987803083 1.38968295772e-07 0.177727195123 
0.565161974559 1.29970693555e-07 0.151434744935 
0.587218554178 -4.59860967348e-09 0.124817220348 
0.609940321634 1.09612796247e-08 0.096605054707 
0.632137091381 2.29178095071e-07 0.0664402872387 
0.651906521576 8.37430977463e-08 0.0341649750678 
0.668014796073 2.71897510729e-07 -2.21181893303e-09 
0.682321102951 1.28623064312e-07 -0.0357589377166 
0.695645602121 1.50087612547e-07 -0.0731153007526 
0.707407744345 1.89867968544e-07 -0.112042396582 
1.1278674918 -3.38290192437e-07 -0.23973568027 
1.09958771052 -1.1190719288e-07 -0.294633706278 
1.05799129791 -1.56202128398e-08 -0.343762259578 
0.699612887489 -2.96886253248e-08 -0.268556297157 
0.679817946577 -1.11747376359e-07 -0.302674522783 
0.65732553786 6.22724403757e-08 -0.334924143172 
0.631755145283 -1.95898231924e-07 -0.364744154762 
0.604235919239 6.60169706498e-08 -0.392395430881 
0.57471350029 2.66640478908e-08 -0.41755385601 
0.543329509073 -1.95947498726e-07 -0.439979755631 
0.51044586499 -7.24039649203e-09 -0.459607530594 
0.476847442005 -2.11331279531e-08 -0.476847449184 
0.443178923955 1.21389488651e-07 -0.492200374775 
0.409405024891 -8.80862589619e-08 -0.505573474527 
0.375414164918 -1.2891827499e-07 -0.51671354126 
0.341561587718 -5.65033639631e-08 -0.525958717497 
0.308204921162 1.02301590598e-07 -0.533826498673 
0.275203975124 -2.61239813439e-07 -0.540118669903 
0.242511542725 -3.48230793741e-08 -0.544690055806 
0.209832938601 1.09356839403e-07 -0.546634298242 
0.177175315309 -1.12521558763e-07 -0.545290075315 
0.144860061092 7.44502673164e-08 -0.540624718947 
0.113116057787 9.73341088429e-09 -0.532169315982 
0.0821807702973 1.17998007553e-07 -0.518869471922 
0.0526025613542 2.40999316216e-08 -0.500482504869 
0.02523592315 1.92209680235e-07 -0.48153372438 
-2.06619858852e-07 1.75271824106e-07 -0.473086576529 
-0.0252363363713 -3.08793854148e-07 -0.481532952197 
-0.0526029745345 -2.21758416426e-08 -0.500481640729 
-0.0821807066008 4.93424949167e-08 -0.518868786656 
-0.113115994062 -8.17209321418e-08 -0.532168928803 
-0.144859997349 -4.12576349152e-08 -0.540624480845 
-0.177175728392 -2.52934350006e-07 -0.545289986292 
-0.209833351682 -5.61942464106e-08 -0.546634328497 
-0.24251195581 -2.25365819029e-07 -0.544690235141 
-0.275204388218 -4.44750646084e-10 -0.540118906302 
-0.30820533427 -1.39469206069e-07 -0.533826797359 
-0.341562000844 1.52375857213e-07 -0.525959043445 
-0.375414578063 5.33893142988e-08 -0.516713897083 
-0.409405914898 6.77035124712e-08 -0.505573890027 
-0.443179813991 2.50832973916e-07 -0.492200849952 
-0.476847855236 -3.95108944716e-07 -0.476847927045 
-0.510446755096 6.92426907997e-08 -0.459608035718 
-0.543330399221 -1.45270835007e-07 -0.439980290629 
-0.574714390487 5.27186286629e-08 -0.417554420877 
-0.60423680949 6.8593212078e-08 -0.39239596601 
-0.631756512432 2.61774707693e-07 -0.364744687339 
-0.657326905072 2.27581188509e-08 -0.334924648614 
-0.67981931386 -1.69269739676e-07 -0.302674983571 
-0.699614254845 -1.03088723623e-07 -0.268556713285 
-1.05799218827 -3.73189500886e-07 -0.343762467867 
-1.09958860098 -2.57417718976e-08 -0.294633867343 
-1.12786838238 -2.74458535995e-07 -0.239735841397 
-0.70740911204 1.09154800215e-07 -0.112042601436 
-0.6956469699 7.82701537389e-08 -0.0731154337541 
-0.682322232392 6.69614090544e-08 -0.0357590036349 
-0.66801616401 2.21166846677e-07 -1.04503992381e-09 
-0.651907651169 4.54075073856e-08 0.0341650358732 
-0.632138459462 2.0612876287e-07 0.0664404076906 
-0.60994168978 5.19687969498e-09 0.0966052199096 
-0.587219922385 7.41814113272e-09 0.124817415402 
-0.565163342824 1.58998452236e-07 0.151435014541 
-0.546989648242 1.8169595337e-07 0.177727583976 
-0.533736436296 -2.26444894013e-07 0.204882106751 
-0.522519795853 -1.28694235925e-07 0.232640674827 
-0.508494584548 -1.76832259836e-08 0.259090961006 
-0.489927499307 -1.11824201305e-09 0.282859623284 
-0.469323842562 1.11897459264e-07 0.30478233236 
-0.447606771051 -1.44849963148e-07 0.325205364058 
-0.424564569075 4.44248745075e-08 0.343805631024 
-0.400195329286 1.1872364999e-07 0.360337287142 
-0.374582498186 -1.58104353024e-07 0.374582234453 
-0.347750871306 3.46923739162e-08 0.386216461743 
-0.320251195565 -1.26079683611e-07 0.39547731376 
-0.292451112413 -8.22709925848e-08 0.40252405956 
-0.264692037253 -1.57639392817e-07 0.407589933844 
-0.237148492488 1.75754010609e-07 0.410752665124 
-0.210259168301 -2.28350636905e-07 0.412656881023 
-0.184092729246 4.69859330115e-08 0.413479200513 
-0.158778398191 1.77616988164e-07 0.413631314536 
-0.134329049741 -9.32395992807e-08 0.413421322714 
-0.110563485776 -3.45867930831e-08 0.412628688557 
-0.0872938324534 1.3315439498e-07 0.410684177964 
-0.0646388222271 -8.49408419588e-08 0.408113509077 
-0.0426313568618 -1.89114836869e-07 0.405609062567 
-0.0211636711605 3.71829144197e-08 0.403827871473 
