-4.60815143585 3.79820299149 0.56499350071 
-4.58476829529 3.79820179939 0.564758181572 
-4.56133031845 3.79819774628 0.564056873322 
-4.53782939911 3.79818964005 0.562578737736 
-4.51428413391 3.79817676544 0.560193359852 
-4.49076414108 3.79815745354 0.556679487228 
-4.46734905243 3.79813146591 0.551928400993 
-4.44416379929 3.79809761047 0.545785844326 
-4.42104005814 3.79805970192 0.538842618465 
-4.39787340164 3.79801821709 0.53127771616 
-4.37458848953 3.79797363281 0.523126780987 
-4.35106706619 3.79792618752 0.514459848404 
-4.32739448547 3.79787445068 0.505013167858 
-4.30369138718 3.79781723022 0.494561642408 
-4.28014373779 3.79775309563 0.482874453068 
-4.25703907013 3.7976808548 0.469697326422 
-4.23465538025 3.79759979248 0.454882591963 
-4.21303510666 3.79751038551 0.438544213772 
-4.19152498245 3.79741573334 0.421282678843 
-4.16942834854 3.79731845856 0.403496146202 
-4.14676475525 3.79721689224 0.384968131781 
-4.12375831604 3.79710960388 0.365397334099 
-4.10170650482 3.7969930172 0.344070702791 
-4.08245277405 3.79686307907 0.320384085178 
-4.06696891785 3.7967209816 0.294428527355 
-4.054915905 3.79656982422 0.266827195883 
-4.04542827606 3.79641318321 0.238199070096 
-4.03771829605 3.79625272751 0.208936721087 
-4.0313949585 3.79609012604 0.179208993912 
-4.02652931213 3.79592490196 0.149071440101 
-4.02365970612 3.79575800896 0.118590369821 
-4.02361822128 3.79559016228 0.0879567340016 
-4.02712869644 3.79542350769 0.0575233399868 
-4.03397321701 3.79525995255 0.0276508554816 
-4.04321193695 3.79510045052 -0.00148939643987 
-4.05392122269 3.79494476318 -0.0299129299819 
-4.06532764435 3.79479193687 -0.0577811636031 
-4.07711362839 3.79464173317 -0.0852528586984 
-4.08921194077 3.79449272156 -0.112452939153 
-4.10210418701 3.79434609413 -0.139249712229 
-4.11613845825 3.79420232773 -0.165469259024 
-4.13237285614 3.7940659523 -0.190379261971 
-4.15129709244 3.79394030571 -0.213328808546 
-4.1732583046 3.79382944107 -0.233573868871 
-4.19710063934 3.79373121262 -0.251515805721 
-4.22250556946 3.79364609718 -0.267049849033 
-4.24925947189 3.79357528687 -0.279993504286 
-4.27702045441 3.79351878166 -0.290316015482 
-4.30552005768 3.79347705841 -0.297939658165 
-4.3345117569 3.79345059395 -0.302771300077 
-4.36372804642 3.79343938828 -0.304756850004 
-4.3929309845 3.7934448719 -0.303797394037 
-4.42194747925 3.79346776009 -0.299624592066 
-4.45028686523 3.79350590706 -0.292654246092 
-4.47746133804 3.79355549812 -0.283626794815 
-4.50311660767 3.79361152649 -0.273398220539 
-4.52699041367 3.79366731644 -0.263236820698 
-4.54915189743 3.79371833801 -0.253911674023 
-4.56984519958 3.79376220703 -0.245862290263 
-4.58936262131 3.79379487038 -0.239910334349 
-4.60815143585 3.79380846024 -0.237442523241 
-4.62693977356 3.79379487038 -0.239910289645 
-4.64645719528 3.79376220703 -0.245862200856 
-4.66715097427 3.79371833801 -0.253911584616 
-4.68931245804 3.79366731644 -0.263236701488 
-4.7131857872 3.79361152649 -0.27339810133 
-4.73884153366 3.79355573654 -0.283626705408 
-4.76601552963 3.79350590706 -0.292654156685 
-4.79435539246 3.7934679985 -0.299624532461 
-4.82337188721 3.79344511032 -0.303797334433 
-4.85257482529 3.79343986511 -0.304756820202 
-4.88179111481 3.79345083237 -0.302771240473 
-4.91078281403 3.79347729683 -0.297939628363 
-4.93928194046 3.79351902008 -0.29031598568 
-4.96704339981 3.7935757637 -0.279993504286 
-4.99379730225 3.7936463356 -0.267049849033 
-5.01920223236 3.79373145103 -0.251515835524 
-5.04304456711 3.79382967949 -0.233573883772 
-5.06500577927 3.79394078255 -0.213328823447 
-5.08393001556 3.79406642914 -0.190379291773 
-5.10016441345 3.79420280457 -0.165469273925 
-5.11419868469 3.79434657097 -0.139249756932 
-5.12709093094 3.79449319839 -0.112452968955 
-5.13918924332 3.79464197159 -0.0852528885007 
-5.15097522736 3.79479265213 -0.057781200856 
-5.16238164902 3.79494524002 -0.029912950471 
-5.17309093475 3.79510092735 -0.00148942216765 
-5.18232965469 3.79526042938 0.0276508405805 
-5.18917417526 3.79542398453 0.0575233250856 
-5.19268465042 3.79559063911 0.0879567265511 
-5.19264268875 3.79575848579 0.118590369821 
-5.18977355957 3.7959253788 0.149071440101 
-5.18490743637 3.79609036446 0.179208993912 
-5.17858409882 3.79625320435 0.208936721087 
-5.17087459564 3.79641342163 0.238199070096 
-5.16138696671 3.79657030106 0.266827195883 
-5.14933395386 3.79672145844 0.294428527355 
-5.13384962082 3.79686355591 0.320384085178 
-5.11459589005 3.79699325562 0.344070672989 
-5.09254455566 3.79711008072 0.365397334099 
-5.06953811646 3.79721713066 0.384968131781 
-5.04687452316 3.79731869698 0.403496205807 
-5.02477788925 3.79741621017 0.421282738447 
-5.00326728821 3.79751062393 0.438544332981 
-4.98164749146 3.7976000309 0.454882711172 
-4.95926380157 3.79768109322 0.469697445631 
-4.93615913391 3.79775333405 0.482874572277 
-4.91261148453 3.79781723022 0.494561731815 
-4.88890838623 3.79787445068 0.505013227463 
-4.86523580551 3.79792642593 0.514459967613 
-4.84171390533 3.79797387123 0.523126840591 
-4.81842947006 3.79801845551 0.531277775764 
-4.79526233673 3.79805970192 0.53884267807 
-4.77213859558 3.79809784889 0.545785903931 
-4.74895334244 3.79813146591 0.551928400993 
-4.72553873062 3.79815745354 0.556679546833 
-4.70201826096 3.79817676544 0.560193359852 
-4.6784734726 3.79818964005 0.56257879734 
-4.65497255325 3.79819774628 0.564056873322 
-4.63153457642 3.79820179939 0.564758241177 
