-4.60815000534 6.80831766129 0.530938327312 
-4.57452964783 6.80830860138 0.529282152653 
-4.54124689102 6.80828237534 0.524508416653 
-4.50887823105 6.80823373795 0.515595376492 
-4.4784913063 6.80815458298 0.501146793365 
-4.45112133026 6.80804538727 0.481199502945 
-4.42702388763 6.80791568756 0.457579225302 
-4.40591001511 6.80777645111 0.432125419378 
-4.38744735718 6.80763244629 0.405871331692 
-4.37163448334 6.80748558044 0.379024684429 
-4.35857105255 6.80733585358 0.351680189371 
-4.34713602066 6.80718994141 0.325028568506 
-4.33685159683 6.80704832077 0.299211591482 
-4.32819080353 6.80690860748 0.273661494255 
-4.32102155685 6.80677032471 0.248402044177 
-4.31514406204 6.80663394928 0.223470062017 
-4.31070947647 6.80649852753 0.198747783899 
-4.30796957016 6.80636405945 0.174170792103 
-4.30715656281 6.80623006821 0.14977684617 
-4.30805635452 6.80609846115 0.125722438097 
-4.31015968323 6.80596923828 0.102104924619 
-4.31300020218 6.80584192276 0.0788764879107 
-4.31625843048 6.80571603775 0.0558745786548 
-4.31996822357 6.80559015274 0.0329196937382 
-4.32426643372 6.80546379089 0.00986703392118 
-4.32936763763 6.80533647537 -0.0133687015623 
-4.33558559418 6.80520868301 -0.0367714874446 
-4.34339237213 6.80508089066 -0.0601362548769 
-4.35308408737 6.80495405197 -0.0832083970308 
-4.36493110657 6.80483150482 -0.105620279908 
-4.3788895607 6.80471372604 -0.12715177238 
-4.39475822449 6.80460071564 -0.147741019726 
-4.41240549088 6.80449342728 -0.16730992496 
-4.43187570572 6.80439376831 -0.185543879867 
-4.45317792892 6.80430364609 -0.202040597796 
-4.47613811493 6.80422353745 -0.216595441103 
-4.50057458878 6.80415582657 -0.228973463178 
-4.52633714676 6.80410289764 -0.238665476441 
-4.55317163467 6.80406808853 -0.245009422302 
-4.58058929443 6.80405139923 -0.248077914119 
-4.60815000534 6.8040471077 -0.248798981309 
-4.63571023941 6.80405139923 -0.248078078032 
-4.66312837601 6.80406808853 -0.245009914041 
-4.68996286392 6.80410289764 -0.23866635561 
-4.71572589874 6.80415630341 -0.228974580765 
-4.74016237259 6.80422401428 -0.21659681201 
-4.76312303543 6.80430364609 -0.202042117715 
-4.7844247818 6.80439424515 -0.185545533895 
-4.80389547348 6.80449390411 -0.167311653495 
-4.82154321671 6.80460119247 -0.147742763162 
-4.83741188049 6.80471372604 -0.127153515816 
-4.85137033463 6.80483198166 -0.105621956289 
-4.86321783066 6.80495405197 -0.0832100138068 
-4.87291002274 6.80508089066 -0.0601377375424 
-4.88071680069 6.80520868301 -0.0367728099227 
-4.88693475723 6.80533695221 -0.0133698116988 
-4.89203596115 6.80546426773 0.00986613053828 
-4.8963341713 6.80559062958 0.0329190045595 
-4.90004396439 6.80571603775 0.0558741167188 
-4.90330266953 6.80584192276 0.0788762494922 
-4.90614318848 6.80596923828 0.102104924619 
-4.90824651718 6.80609893799 0.125722676516 
-4.9091463089 6.80623054504 0.149777323008 
-4.90833330154 6.80636405945 0.174171492457 
-4.90559339523 6.80649852753 0.198748707771 
-4.90115833282 6.80663394928 0.223471194506 
-4.89528131485 6.80677032471 0.248403385282 
-4.88811159134 6.80690908432 0.273663043976 
-4.8794503212 6.80704879761 0.299213290215 
-4.86916589737 6.80719041824 0.32503041625 
-4.85773086548 6.80733633041 0.351682245731 
-4.84466695786 6.80748605728 0.379026859999 
-4.82885408401 6.80763292313 0.405873507261 
-4.81039094925 6.80777645111 0.432127565145 
-4.78927707672 6.8079161644 0.457581311464 
-4.76517915726 6.80804538727 0.481201350689 
-4.73780918121 6.80815458298 0.501148343086 
-4.70742177963 6.80823373795 0.515596330166 
-4.67505311966 6.80828237534 0.524509012699 
-4.64176988602 6.80830860138 0.529282450676 
