-4.93072271347 3.32103514671 0.502472877502 
-4.872838974 3.31714224815 0.475989997387 
-4.82191610336 3.3139193058 0.445205152035 
-4.77754545212 3.31131625175 0.410769999027 
-4.73856592178 3.30919361115 0.374439060688 
-4.70259666443 3.30731606483 0.33790525794 
-4.67671966553 3.30643630028 0.294146001339 
-4.66225671768 3.30657720566 0.246227607131 
-4.65628767014 3.30739045143 0.198460772634 
-4.65331459045 3.30837702751 0.153095811605 
-4.65116500854 3.30939412117 0.109031245112 
-4.65148878098 3.31061577797 0.0646820217371 
-4.65648126602 3.31222653389 0.0196871571243 
-4.66603517532 3.31422376633 -0.0261788256466 
-4.68479824066 3.31690073013 -0.070070721209 
-4.71220684052 3.32015776634 -0.109964512289 
-4.74486780167 3.32376384735 -0.147290334105 
-4.7831158638 3.32772231102 -0.18119046092 
-4.82820224762 3.33200669289 -0.206996873021 
-4.87830448151 3.33640861511 -0.222361445427 
-4.93072271347 3.34074640274 -0.228505119681 
-4.98373508453 3.34489560127 -0.225899577141 
-5.03565263748 3.34870648384 -0.213988080621 
-5.08366918564 3.35190963745 -0.191055133939 
-5.12576436996 3.35439991951 -0.159153521061 
-5.16255664825 3.35633587837 -0.122354090214 
-5.19432115555 3.35777187347 -0.0818547084928 
-5.22011375427 3.35863184929 -0.0376128479838 
-5.24121761322 3.35905098915 0.00912873726338 
-5.25715351105 3.35898852348 0.0584847852588 
-5.26411485672 3.35814404488 0.110345810652 
-5.26360750198 3.35667800903 0.16321593523 
-5.25519561768 3.35458397865 0.216049104929 
-5.24015808105 3.35197520256 0.268400490284 
-5.21864795685 3.34887123108 0.320023179054 
-5.19084119797 3.34528255463 0.371034294367 
-5.15523481369 3.3411283493 0.419990837574 
-5.1096405983 3.33636283875 0.46214273572 
-5.05508470535 3.33116936684 0.493714421988 
-4.99406194687 3.32585215569 0.510794699192 
