1.36736915106e-07 -1.73997116589e-07 0.46085644999 
0.0241476472656 -1.04330394213e-07 0.460758399235 
0.0483318742564 -3.37518126865e-07 0.459844943052 
0.0724908288789 4.97427163285e-08 0.457686270961 
0.0965644296518 -4.58910178336e-07 0.454298050913 
0.120468276398 -4.27400765965e-07 0.449592193787 
0.143720286751 -1.96302116248e-07 0.442324789733 
0.165873664295 -6.24822127284e-08 0.432114659707 
0.186552184512 -2.49034751552e-07 0.419002513069 
0.205080169149 -4.20641773105e-07 0.402491718311 
0.220965522259 -3.95658621434e-07 0.382723213722 
0.234526771061 3.58778341273e-08 0.361138888234 
0.246244090574 -3.8219110643e-07 0.338925928282 
0.256322520774 -2.83623865833e-07 0.316531442494 
0.265279429977 -4.59227581258e-07 0.294622293304 
0.273497718421 -1.63005024371e-07 0.273497644994 
0.280976432433 -3.96459982026e-07 0.252992086711 
0.287774222982 -2.95604688077e-07 0.233034931018 
0.294033664379 -3.45373361754e-07 0.213627665397 
0.299772876435 -4.99663368909e-07 0.194674802028 
0.305035251333 -4.05923539137e-07 0.176111968859 
0.309814113352 -9.6401926244e-08 0.157857982971 
0.314025539153 -4.55030726113e-07 0.139813030048 
0.317703861011 -4.06707976341e-07 0.121954942718 
0.320788997444 -1.37365224225e-07 0.104230596526 
0.323357242397 -1.41837078442e-07 0.0866432819688 
0.325292247604 -1.46221157758e-07 0.0691429765975 
0.326522010653 -7.53875959123e-08 0.0517159566486 
0.327096122611 -2.21834156739e-08 0.0343791793893 
0.327081817515 -3.57491415477e-08 0.0171416226346 
0.326663631345 -9.80179807603e-08 7.28102255144e-10 
0.325999397202 5.73460852058e-09 -0.0170848832469 
0.325226444188 -2.9679732756e-07 -0.0341826591445 
0.324346202812 -1.016009143e-07 -0.0513713270372 
0.323082107524 -2.40608959236e-07 -0.0686731392481 
0.321176666259 -3.96457692489e-07 -0.0860589934973 
0.31852020647 -2.86583900275e-07 -0.103493422331 
0.315124172248 2.48241644415e-08 -0.120964704269 
0.31098236471 -1.99058475193e-08 -0.13845808071 
0.306090492323 -1.43368761961e-08 -0.155960695734 
0.300403732393 -1.47790053705e-07 -0.17343798289 
0.293934959524 -4.56166540645e-07 -0.190883385766 
0.286623138559 -2.76201773127e-07 -0.208243877876 
0.278236049802 -2.72935210246e-07 -0.22531097014 
0.268534320999 -1.58431360556e-07 -0.241788972804 
0.257578033632 -4.81215988111e-07 -0.257577721766 
0.245635647021 -5.98154392967e-08 -0.272805861658 
0.233016151646 -2.35111138511e-07 -0.287750953017 
0.219689983601 -2.51428719219e-07 -0.302376840944 
0.205429691563 -1.19013021575e-07 -0.316333387659 
0.190063137317 -2.41505235795e-07 -0.329198617963 
0.173653263367 -5.89537014689e-08 -0.340813560817 
0.156420368481 -1.98114417846e-07 -0.35132496849 
0.138549942313 -5.11966159303e-07 -0.360933815153 
0.120118755646 -2.7067279064e-07 -0.3696862911 
0.101181644754 -2.52176891606e-07 -0.377614483274 
0.0817343181016 -5.38878502993e-07 -0.384529204145 
0.0617653315961 -3.21098117134e-07 -0.389968804384 
0.0413915103417 -2.75948730724e-07 -0.393809636008 
0.0207559054858 -4.64577682634e-07 -0.396040523315 
1.3766429586e-07 -4.18515771498e-07 -0.396746997687 
-0.0207551533216 -4.79989959196e-07 -0.396040702171 
-0.0413907581824 -3.06352153852e-07 -0.393810053324 
-0.0617650562823 -3.66122923103e-07 -0.389969489961 
-0.0817340427995 -1.21374780353e-07 -0.384530155371 
-0.101181369467 -3.26208729419e-07 -0.37761555636 
-0.120118480376 -3.59007241809e-07 -0.369687483435 
-0.138549667062 -1.37536876143e-07 -0.360935094322 
-0.156420570088 -3.1405714213e-07 -0.351326354616 
-0.173653941834 -1.87853334434e-07 -0.340815066187 
-0.190063815809 9.42816038994e-08 -0.329200269766 
-0.205430370083 -2.71702190367e-07 -0.316335131513 
-0.219690662151 6.16949665939e-08 -0.30237862692 
-0.233017307064 -4.09178688795e-07 -0.287752771435 
-0.245636802472 -2.44093965292e-07 -0.272807635401 
-0.257579189116 -1.98177529905e-07 -0.257579478022 
-0.268535476517 -3.60957168361e-07 -0.241790716794 
-0.278237682193 -6.33387537055e-09 -0.225312704089 
-0.286625247824 -1.66322981973e-08 -0.208245537339 
-0.293937068827 -2.02820354519e-07 -0.190884963289 
-0.300405841734 -3.76994582782e-07 -0.173439451282 
-0.306092601701 -2.48685325961e-07 -0.155962044931 
-0.310984474126 -2.58831664782e-07 -0.138459299535 
-0.315126281701 -2.18117263634e-07 -0.120965787131 
-0.318522792798 -5.6205349332e-08 -0.103494351426 
-0.321179252625 -1.6895071717e-07 -0.0860597813302 
-0.323084693928 -1.54636467337e-08 -0.0686737706253 
-0.324348789253 -3.55140773684e-07 -0.0513718045687 
-0.325229030666 -7.5018394909e-08 -0.0341829850571 
-0.326001983718 -2.50824557006e-07 -0.0170850478622 
-0.326666217898 -3.55999376796e-07 2.16889950878e-11 
-0.327084404104 -2.94917650832e-07 0.0171417783872 
-0.327098709237 -2.82220075885e-07 0.0343794916016 
-0.326524597318 -3.35950116348e-07 0.0517164476734 
-0.325294834306 -4.06628532237e-07 0.0691436166344 
-0.323359829136 -4.01532346782e-07 0.0866440710193 
-0.320791584221 -3.95848289656e-07 0.104231534592 
-0.31770597099 -1.86822036473e-07 0.121956047312 
-0.314027649171 -2.33055907672e-07 0.139814283659 
-0.309816223409 -3.48747221709e-07 0.157859382989 
-0.305037361429 -1.78480804263e-07 0.176113520508 
-0.299775463409 -2.68717738467e-07 0.194676472896 
-0.294035774556 -1.10711090473e-07 0.213629485287 
-0.287776333201 -5.33481914154e-07 0.233036867518 
-0.280978542695 -1.53117952932e-07 0.252994204648 
-0.273499828728 -3.91076370203e-07 0.273499849741 
-0.265281063492 -2.04794444906e-07 0.294624649689 
-0.256323677499 -4.99110101144e-07 0.31653382609 
-0.246245724185 -1.13704201873e-07 0.338928463521 
-0.234527927883 -1.63048197363e-07 0.361141391084 
-0.220966679127 -1.05902270109e-07 0.3827255106 
-0.205080372386 -1.16870804136e-07 0.402493747006 
-0.186552387784 -4.05829338771e-07 0.419004241175 
-0.165873390759 -2.00987368955e-07 0.432116030234 
-0.143720013237 -3.15679691657e-07 0.44232586229 
-0.120468002899 -4.96266947014e-08 0.449592911383 
-0.0965636793264 -5.37782344934e-07 0.454298527534 
-0.0724900785612 -9.46464746153e-09 0.457686628427 
-0.0483316007802 -3.76993468513e-07 0.459845181363 
-0.0241468969544 -1.23726958057e-07 0.460758458786 
