-4.3773844908e-08 5.10555926701e-08 0.106199013755 
0.0162706295141 -3.0061466857e-07 0.102729576377 
0.0316660688914 -5.72866874684e-08 0.097457977944 
0.0461808114172 8.66817456875e-08 0.0906350907886 
0.0599357035066 1.10707142733e-07 0.0824945208376 
0.0732561045446 -2.72610558193e-07 0.073256138314 
0.0864562954569 7.37299033077e-08 0.0628142144616 
0.099649325331 7.64759919281e-08 0.0507739112823 
0.112729728965 -1.03700033848e-07 0.036628128164 
0.125702587627 9.46524956677e-09 0.0199093382111 
0.138709235422 2.45701922488e-08 -2.4156775278e-10 
0.151147792118 -8.13791515147e-08 -0.0239394787647 
0.160831024081 -2.86958230393e-07 -0.0522572541747 
0.16449427474 1.11362308777e-07 -0.0838139689229 
0.160487416553 2.87993783821e-08 -0.116601015943 
0.149930140724 1.68190471342e-08 -0.149930003545 
0.133479039538 -4.90864140966e-08 -0.183718338556 
0.110447892251 -2.0949977763e-07 -0.216766495881 
0.0799227755845 1.01460014862e-07 -0.245977104335 
0.0428697132363 -2.0463587808e-07 -0.270669254086 
-1.81859238266e-07 -2.15216015951e-07 -0.289680329196 
-0.0476775257828 -2.68957682424e-07 -0.301023816254 
-0.0976018421592 -7.04236174931e-09 -0.300387371567 
-0.144618839929 -1.97109724848e-07 -0.283830244582 
-0.182530173355 -3.43486735221e-07 -0.25123122486 
-0.203309330994 -4.66847161491e-07 -0.203309258582 
-0.204918778915 2.43755492534e-07 -0.148882337288 
-0.195440499119 -2.40277593239e-08 -0.0995818555622 
-0.184936570421 -3.39881111193e-07 -0.0600895544845 
-0.174785034116 -1.8959284083e-07 -0.0276832505221 
-0.163973680472 -1.59570702263e-07 -2.3040921573e-08 
-0.151546051933 -1.04957619713e-07 0.0240025203606 
-0.137302585538 2.16446147464e-09 0.0446122842879 
-0.121913143775 -4.4410471885e-07 0.0621177157342 
-0.105671520994 1.53604797486e-07 0.0767749044927 
-0.0884933486414 -2.04604020487e-07 0.0884933086643 
-0.0706443697122 -2.07972922783e-07 0.0972333313192 
-0.0525667513587 -4.69733519963e-08 0.103168224849 
-0.034592002954 1.00263782036e-07 0.106463525935 
-0.0170251597161 -1.65000709599e-07 0.107492079523 
