-1.44022271207e-07 2.68399793344e-07 0.427076551838 
0.0222438325735 4.02349866514e-07 0.424441570503 
0.0438540925912 2.38810808323e-07 0.417246108175 
0.0648802270903 4.33405087364e-07 0.409636925765 
0.0852778902159 3.84943601891e-07 0.401201370838 
0.104592179321 2.49233635093e-07 0.390343684767 
0.122353886642 -1.14339280762e-07 0.376567084422 
0.138164376314 4.00258796255e-07 0.359930793962 
0.151615475731 2.94084600728e-07 0.34053434643 
0.16202959929 2.0098960412e-07 0.318000740265 
0.168068265091 1.64515602311e-07 0.291102936088 
0.164085721187 3.53358554479e-07 0.252669911693 
0.135111188178 3.90959138115e-07 0.185964668215 
0.131452416689 1.21033020925e-07 0.162330415023 
0.132447575855 9.40512901918e-08 0.147098010865 
0.135625218689 -1.84061432035e-08 0.135625419301 
0.1402629369 5.45944491723e-07 0.126293191827 
0.145978307087 4.63495632505e-07 0.118211067771 
0.152474736538 1.56939378888e-07 0.110779417729 
0.159570550297 2.32903709442e-07 0.103626246858 
0.167189931256 1.21954245852e-08 0.0965272855985 
0.175085877766 2.96156212879e-08 0.0892107207231 
0.183057164548 2.85878086648e-07 0.0815022656407 
0.191049432166 1.82446739603e-07 0.0733370662475 
0.198866700547 2.63713426667e-07 0.0646157034866 
0.206397866634 2.39435134573e-07 0.055304096302 
0.213453149237 2.81234056498e-07 0.0453708931205 
0.219910954882 3.10150046026e-07 0.0348305031487 
0.225760793151 7.69569825143e-08 0.0237284338504 
0.23103175111 2.98834784453e-07 0.012107873366 
0.236029481378 3.28315463979e-07 -7.03233280545e-10 
0.240817880135 3.05295394889e-07 -0.0126207285647 
0.245347833152 -6.75844047902e-08 -0.0257870874422 
0.249436234961 2.05902442398e-07 -0.0395068578533 
0.252765035178 3.57510931902e-07 -0.0537268535123 
0.255256986183 1.06876637825e-07 -0.0683958859731 
0.25692639309 2.24033345818e-07 -0.0834804191777 
0.257717942789 4.24991314147e-07 -0.0989286011224 
0.25749239883 1.76842304901e-07 -0.114643133806 
0.256321763624 3.15959782069e-07 -0.130602590511 
0.254244660981 2.6334155192e-07 -0.146788314615 
0.251208161975 1.46057660649e-07 -0.163136441813 
0.247170304937 7.36781909551e-08 -0.179579911548 
0.242004251183 1.91575752212e-07 -0.195971135985 
0.23556599589 3.29080020704e-07 -0.212104819683 
0.227683877682 -1.87626497924e-07 -0.227683795467 
0.218201017132 4.22190379793e-07 -0.242336666376 
0.207125043636 1.20638880353e-07 -0.255778387533 
0.194643354196 2.39797070598e-07 -0.267903896881 
0.181083059103 6.15534150597e-08 -0.278843257638 
0.16670546512 3.86638741687e-07 -0.288742662905 
0.151647901347 3.93484315802e-07 -0.297626227621 
0.13593659383 5.53648975207e-07 -0.305318843032 
0.119689321346 2.86873951723e-07 -0.311801617361 
0.10301241858 3.56394943661e-07 -0.317039766596 
0.0860188959407 2.52213291856e-07 -0.321027228667 
0.0687736032798 2.62454818642e-07 -0.323555397512 
0.0513967035616 2.12298644525e-07 -0.324505271631 
0.0340579508146 4.85008638699e-08 -0.324041258293 
0.0169113634412 2.68366764889e-07 -0.322689507764 
-1.43212541792e-07 3.46509014977e-07 -0.32183428705 
-0.0169116498644 2.54031756652e-07 -0.32268932899 
-0.0340582372347 2.08692705157e-08 -0.324041124258 
-0.0513965131437 1.71708523656e-07 -0.324505271742 
-0.0687738897011 2.09120482669e-07 -0.323555576472 
-0.0860191823674 1.86320469944e-07 -0.321027601376 
-0.103012705016 2.77816049062e-07 -0.317040273451 
-0.119689607792 1.95777427722e-07 -0.311802243459 
-0.135936880291 4.50455724487e-07 -0.305319603274 
-0.151648664662 2.78535819648e-07 -0.297627107104 
-0.166706228453 2.60125057649e-07 -0.288743602025 
-0.181083822458 4.01004762521e-07 -0.278844283583 
-0.194644594412 9.20354919283e-08 -0.267904985071 
-0.207126283878 4.40339610862e-07 -0.255779562544 
-0.218202257404 2.56640348494e-07 -0.242337903626 
-0.227685117985 1.16531676964e-07 -0.22768509718 
-0.235567713064 1.50346360719e-07 -0.212106153826 
-0.242005968391 7.55351125894e-09 -0.19597243289 
-0.247172499018 3.62201900912e-07 -0.1795811686 
-0.251209879255 4.30984663324e-07 -0.163137624369 
-0.254246855133 6.8652680003e-08 -0.14678942901 
-0.256323957811 1.19089898699e-07 -0.130603606192 
-0.257494593052 4.5532199328e-07 -0.114644045365 
-0.257720137045 2.25945190668e-07 -0.0989294207657 
-0.256928587379 2.50334571173e-08 -0.0834811331157 
-0.255259180504 3.85382519341e-07 -0.0683964799513 
-0.252767229531 1.6048156495e-07 -0.0537273271637 
-0.249438906183 4.87658550008e-07 -0.0395072059533 
-0.245350027566 2.16788640282e-07 -0.0257873237764 
-0.240820074577 1.15763090958e-07 -0.0126208482929 
-0.236031675848 1.41911924485e-07 -1.21364966732e-09 
-0.231033945606 1.15725327532e-07 0.0121079920739 
-0.225762987672 3.74350605754e-07 0.0237286445867 
-0.219913149427 1.34680690639e-07 0.0348308304937 
-0.213455343805 1.10456683557e-07 0.0453712949842 
-0.206399584386 7.38217857188e-08 0.0553045726857 
-0.198868418319 1.03721344449e-07 0.0646162394903 
-0.191051149957 2.8220266254e-08 0.0733376767728 
-0.183058882357 1.37637031725e-07 0.081502935787 
-0.175087595592 3.642550281e-07 0.0892114382008 
-0.167191649097 3.52580970684e-07 0.0965280924989 
-0.159571791317 1.02313580081e-07 0.103627080965 
-0.152475977573 3.13818843294e-08 0.110780356158 
-0.145980024975 3.42089199287e-07 0.118212185025 
-0.140264177968 4.27991055096e-07 0.126294502806 
-0.135626936615 3.42337533655e-07 0.135627060722 
-0.132449770642 -2.16474398005e-08 0.147100037106 
-0.131455088347 1.22371673675e-09 0.162333335323 
-0.135114813561 2.5781451458e-07 0.185969495827 
-0.164090300389 1.86232820773e-07 0.25267676577 
-0.16807046019 4.90824065244e-07 0.291106186741 
-0.162030840773 5.35821273379e-07 0.318003305487 
-0.151616717262 1.62758898361e-07 0.340536462035 
-0.138165141051 2.81351508396e-07 0.359932581776 
-0.122354651414 2.57864977642e-07 0.37656854706 
-0.104592467286 1.59940942911e-07 0.390344906418 
-0.0852781782045 3.1269955e-07 0.401202264709 
-0.0648805150972 3.77922791594e-07 0.409637700473 
-0.0438543806144 2.00260179251e-07 0.417246823325 
-0.0222441206125 3.82171474496e-07 0.424442047285 
