-4.95776367188 2.98025107384 0.531586945057 
-4.89188146591 2.97538852692 0.517453253269 
-4.83359718323 2.97166752815 0.483415812254 
-4.78504419327 2.96897315979 0.440027028322 
-4.74667787552 2.96723175049 0.391363024712 
-4.71783638 2.96630620956 0.340552389622 
-4.69850540161 2.96616339684 0.288801759481 
-4.68853807449 2.96675467491 0.237452551723 
-4.6857047081 2.96784830093 0.188530132174 
-4.6858458519 2.96908521652 0.143073946238 
-4.68548536301 2.97022128105 0.0998852327466 
-4.68652915955 2.97146582603 0.0568080991507 
-4.69291973114 2.97313952446 0.0136076370254 
-4.70544481277 2.97528505325 -0.0289942044765 
-4.72478675842 2.97792410851 -0.0697712302208 
-4.75152015686 2.98105025291 -0.106793254614 
-4.78596019745 2.98460650444 -0.137027442455 
-4.82580089569 2.98838424683 -0.159528940916 
-4.8687210083 2.99220514297 -0.174533173442 
-4.91308879852 2.99595046043 -0.182481646538 
-4.95776367188 2.99954462051 -0.183908045292 
-5.00216722488 3.00298881531 -0.180572718382 
-5.04626369476 3.00628018379 -0.172477155924 
-5.08937692642 3.00932884216 -0.158276334405 
-5.13019371033 3.01200795174 -0.137154430151 
-5.16795635223 3.01427745819 -0.109860405326 
-5.20171880722 3.01607179642 -0.0767469927669 
-5.23096132278 3.01736879349 -0.0385352298617 
-5.2560210228 3.01821827888 0.00392816076055 
-5.27713441849 3.01864480972 0.0504293590784 
-5.29085826874 3.01836848259 0.10118355602 
-5.2938117981 3.01716423035 0.154563471675 
-5.28912639618 3.01531934738 0.209147065878 
-5.27787494659 3.01292538643 0.264716565609 
-5.26019859314 3.00998830795 0.321463853121 
-5.23316383362 3.0063328743 0.377229869366 
-5.19448518753 3.00189304352 0.427706837654 
-5.14530467987 2.99683904648 0.469970703125 
-5.087225914 2.99139857292 0.500305056572 
-5.02444982529 2.98579478264 0.522830307484 
