-4.16136217117 2.4992415905 0.481472313404 
-4.11034536362 2.50549554825 0.459968060255 
-4.06462144852 2.51102519035 0.435317754745 
-4.02417516708 2.51581811905 0.406520783901 
-3.99014997482 2.51971387863 0.372594743967 
-3.9645986557 2.52244591713 0.333342909813 
-3.94750642776 2.52405548096 0.291587650776 
-3.9356777668 2.52500319481 0.250855028629 
-3.92848992348 2.52536940575 0.211195394397 
-3.92603874207 2.52514028549 0.172485932708 
-3.92961573601 2.52415251732 0.134918093681 
-3.93993425369 2.52232956886 0.099581129849 
-3.95383787155 2.52008485794 0.0669854655862 
-3.9698240757 2.51760339737 0.0366044975817 
-3.98722553253 2.5149576664 0.00747680431232 
-4.00711011887 2.51200985909 -0.0204467307776 
-4.0304479599 2.50864362717 -0.0465514622629 
-4.05751752853 2.50483083725 -0.0703123509884 
-4.08839845657 2.50056910515 -0.0911787375808 
-4.12312602997 2.49586820602 -0.108107484877 
-4.16136217117 2.49078249931 -0.120326653123 
-4.20252847672 2.48540377617 -0.126615181565 
-4.24474716187 2.48002576828 -0.123229511082 
-4.28521966934 2.47501754761 -0.109497882426 
-4.32238006592 2.47054719925 -0.0877946540713 
-4.35463237762 2.46680474281 -0.0591546148062 
-4.37966346741 2.46407985687 -0.0241626668721 
-4.39773797989 2.46229815483 0.0143457259983 
-4.41058921814 2.46120619774 0.0541501604021 
-4.41927719116 2.46065855026 0.0946209207177 
-4.42527914047 2.46046638489 0.13581328094 
-4.43139410019 2.46028661728 0.178940594196 
-4.43902111053 2.45997905731 0.226787805557 
-4.44261074066 2.4602701664 0.280311912298 
-4.43359088898 2.46220088005 0.335220724344 
-4.41170072556 2.46575832367 0.388160943985 
-4.37696123123 2.47087955475 0.434883445501 
-4.33081626892 2.47731614113 0.47091665864 
-4.2764339447 2.48460936546 0.492575526237 
-4.21792602539 2.49216914177 0.495470106602 
