-4.60815143585 3.73617005348 0.564690768719 
-4.58480930328 3.73616814613 0.564316928387 
-4.56144714355 3.73616242409 0.563286006451 
-4.53805971146 3.73615241051 0.56146466732 
-4.51468992233 3.7361369133 0.558625400066 
-4.49139356613 3.73611521721 0.554670214653 
-4.46827125549 3.73608660698 0.549430727959 
-4.44538784027 3.73605084419 0.542937040329 
-4.42280864716 3.73600840569 0.535210371017 
-4.40052843094 3.73596024513 0.526406466961 
-4.37843751907 3.73590779305 0.516800045967 
-4.35622119904 3.73585319519 0.506862998009 
-4.33367586136 3.73579764366 0.496707707644 
-4.31071901321 3.73574018478 0.486222714186 
-4.28729724884 3.73568034172 0.475269287825 
-4.26316308975 3.73561811447 0.46391326189 
-4.23832416534 3.73555254936 0.451918840408 
-4.21226406097 3.73548436165 0.439508646727 
-4.18511104584 3.7354118824 0.426282197237 
-4.15774393082 3.73533058167 0.411423742771 
-4.13116645813 3.73523664474 0.394313216209 
-4.10614442825 3.7351295948 0.374711453915 
-4.08371067047 3.73500728607 0.352422684431 
-4.06469392776 3.73487114906 0.327540755272 
-4.04936075211 3.73472309113 0.300489425659 
-4.0375123024 3.7345662117 0.271830022335 
-4.02816867828 3.73440384865 0.24220739305 
-4.02064323425 3.73423814774 0.211980834603 
-4.01473379135 3.73407030106 0.181299820542 
-4.01076936722 3.73390007019 0.150237053633 
-4.00958871841 3.73372864723 0.118930071592 
-4.01142883301 3.73355746269 0.0876576304436 
-4.01583242416 3.73338747025 0.056675799191 
-4.02259969711 3.73322081566 0.0261891894042 
-4.03168916702 3.73305773735 -0.00359893008135 
-4.04199647903 3.7328979969 -0.0327684357762 
-4.05278348923 3.73274040222 -0.0615171231329 
-4.06377887726 3.73258447647 -0.0900318771601 
-4.07512950897 3.73242878914 -0.118382908404 
-4.08725690842 3.73227524757 -0.146474808455 
-4.10090684891 3.73212480545 -0.173923283815 
-4.1170091629 3.73198199272 -0.20001655817 
-4.13635635376 3.73185157776 -0.223844066262 
-4.15858793259 3.73173499107 -0.245113685727 
-4.18301677704 3.73163247108 -0.263857185841 
-4.20921087265 3.73154377937 -0.28000459075 
-4.23703145981 3.73147153854 -0.293234199286 
-4.26611852646 3.7314157486 -0.303438812494 
-4.29597616196 3.73137569427 -0.310735911131 
-4.32612085342 3.73135042191 -0.31535243988 
-4.3564658165 3.731341362 -0.316995382309 
-4.38664340973 3.7313477993 -0.315796971321 
-4.41656398773 3.73137235641 -0.311376273632 
-4.4458770752 3.73141360283 -0.303802251816 
-4.47408437729 3.73146915436 -0.293680101633 
-4.50078058243 3.73153424263 -0.281777620316 
-4.5254611969 3.73159861565 -0.270090252161 
-4.54824304581 3.73165750504 -0.259311497211 
-4.56935834885 3.73170757294 -0.250153332949 
-4.58915710449 3.73174405098 -0.24349719286 
-4.60815143585 3.73175907135 -0.240740895271 
-4.62714576721 3.73174405098 -0.243497148156 
-4.64694404602 3.73170757294 -0.250153243542 
-4.6680598259 3.73165750504 -0.259311407804 
-4.69084119797 3.73159837723 -0.270090132952 
-4.71552228928 3.73153448105 -0.281777530909 
-4.74221849442 3.73146915436 -0.293679982424 
-4.77042531967 3.73141384125 -0.303802162409 
-4.79973888397 3.73137235641 -0.311376214027 
-4.82965898514 3.73134827614 -0.315796941519 
-4.85983657837 3.73134160042 -0.316995352507 
-4.89018201828 3.73135066032 -0.31535243988 
-4.92032670975 3.73137593269 -0.310735911131 
-4.95018386841 3.73141598701 -0.303438812494 
-4.9792714119 3.73147177696 -0.293234229088 
-5.00709199905 3.73154425621 -0.280004620552 
-5.03328609467 3.73163294792 -0.263857215643 
-5.05771493912 3.73173546791 -0.245113715529 
-5.07994651794 3.73185181618 -0.223844096065 
-5.0992937088 3.73198223114 -0.200016602874 
-5.1153960228 3.73212528229 -0.173923328519 
-5.12904548645 3.73227548599 -0.146474823356 
-5.14117288589 3.73242950439 -0.118382945657 
-5.15252399445 3.73258471489 -0.0900318995118 
-5.16351938248 3.73274087906 -0.0615171566606 
-5.17430639267 3.73289823532 -0.032768458128 
-5.18461370468 3.73305797577 -0.00359894987196 
-5.19370317459 3.73322105408 0.0261891707778 
-5.20047044754 3.7333881855 0.0566757768393 
-5.2048740387 3.73355793953 0.087657622993 
-5.20671367645 3.73372912407 0.118930071592 
-5.20553350449 3.73390054703 0.150237068534 
-5.20156908035 3.73407077789 0.181299835443 
-5.19565963745 3.73423862457 0.211980849504 
-5.18813419342 3.73440432549 0.242207407951 
-5.17879009247 3.73456645012 0.271830022335 
-5.1669421196 3.73472332954 0.300489485264 
-5.15160894394 3.7348716259 0.327540785074 
-5.13259220123 3.73500776291 0.352422714233 
-5.11015796661 3.73512983322 0.374711453915 
-5.08513593674 3.73523712158 0.394313246012 
-5.05855894089 3.7353310585 0.411423742771 
-5.03119182587 3.73541235924 0.426282227039 
-5.00403881073 3.73548460007 0.439508676529 
-4.97797822952 3.73555278778 0.451918900013 
-4.95313978195 3.73561835289 0.463913321495 
-4.92900562286 3.73568058014 0.475269377232 
-4.90558385849 3.73574066162 0.486222833395 
-4.88262701035 3.73579788208 0.496707826853 
-4.86008167267 3.73585343361 0.506863057613 
-4.83786535263 3.73590803146 0.516800165176 
-4.81577396393 3.73596048355 0.526406526566 
-4.79349422455 3.7360086441 0.535210430622 
-4.77091503143 3.73605108261 0.542937099934 
-4.74803161621 3.73608660698 0.549430787563 
-4.72490930557 3.73611521721 0.554670274258 
-4.70161294937 3.7361369133 0.558625459671 
-4.67824316025 3.73615241051 0.56146466732 
-4.65485572815 3.73616242409 0.563286006451 
-4.63149356842 3.73616814613 0.564316928387 
