-4.60815000534 6.62796115875 0.563943147659 
-4.58400249481 6.62796068192 0.563845098019 
-4.55981826782 6.62795543671 0.562931656837 
-4.5356593132 6.62794399261 0.560773015022 
-4.51158571243 6.62792491913 0.557384848595 
-4.48768186569 6.62789916992 0.55267906189 
-4.46442985535 6.62785959244 0.545411765575 
-4.44227647781 6.62780380249 0.535201787949 
-4.42159795761 6.62773180008 0.522089838982 
-4.40306997299 6.62764120102 0.505579292774 
-4.3871846199 6.62753295898 0.485811084509 
-4.37362337112 6.62741518021 0.464227080345 
-4.36190605164 6.62729310989 0.442014455795 
-4.35182762146 6.62717056274 0.4196203053 
-4.34287071228 6.62705039978 0.397711485624 
-4.33465242386 6.62693500519 0.376587152481 
-4.32717370987 6.62682247162 0.356081902981 
-4.32037591934 6.62671327591 0.336125046015 
-4.31411647797 6.62660694122 0.316718071699 
-4.30837726593 6.62650299072 0.297765493393 
-4.30311489105 6.62640142441 0.27920293808 
-4.29833602905 6.62630176544 0.260949224234 
-4.29412460327 6.62620258331 0.242904543877 
-4.29044628143 6.6261048317 0.225046724081 
-4.28736114502 6.62600803375 0.207322642207 
-4.28479290009 6.62591171265 0.189735591412 
-4.2828578949 6.62581586838 0.172235548496 
-4.28162813187 6.62572050095 0.154808789492 
-4.28105401993 6.62562561035 0.137472271919 
-4.28106832504 6.62553119659 0.120234973729 
-4.28148651123 6.62543725967 0.103093609214 
-4.28215074539 6.62534379959 0.0860089808702 
-4.28292369843 6.62524986267 0.0689114630222 
-4.28380393982 6.62515592575 0.0517230518162 
-4.28506803513 6.62506103516 0.0344214998186 
-4.28697347641 6.62496566772 0.0170359071344 
-4.28962993622 6.62487030029 -0.000398260861402 
-4.29302597046 6.62477493286 -0.0178692825139 
-4.29716777802 6.62467908859 -0.0353623963892 
-4.30205965042 6.62458324432 -0.0528647489846 
-4.30774641037 6.62448740005 -0.0703417733312 
-4.31421518326 6.62439155579 -0.0877869129181 
-4.32152700424 6.62429666519 -0.105147145689 
-4.32991409302 6.62420320511 -0.122213982046 
-4.33961582184 6.62411308289 -0.138691738248 
-4.35057210922 6.62402629852 -0.15448024869 
-4.36251449585 6.62394332886 -0.169708162546 
-4.37513399124 6.62386131287 -0.184653028846 
-4.3884601593 6.62378120422 -0.199278697371 
-4.40272045135 6.62370491028 -0.213235035539 
-4.41808700562 6.62363433838 -0.226100072265 
-4.43449687958 6.62357091904 -0.237714841962 
-4.45172977448 6.62351322174 -0.248226091266 
-4.46960020065 6.62346029282 -0.257834792137 
-4.48803138733 6.6234126091 -0.266587138176 
-4.50696849823 6.62336921692 -0.274515211582 
-4.52641582489 6.62333106995 -0.281429827213 
-4.5463848114 6.62330150604 -0.286869347095 
-4.56675863266 6.62328052521 -0.290710121393 
-4.58739423752 6.62326812744 -0.292940974236 
-4.60815000534 6.62326431274 -0.293647438288 
-4.62890529633 6.62326812744 -0.292941153049 
-4.64954090118 6.62328052521 -0.290710538626 
-4.66991519928 6.62330150604 -0.286870032549 
-4.68988418579 6.62333154678 -0.281430780888 
-4.70933151245 6.62336921692 -0.274516284466 
-4.72826862335 6.6234126091 -0.266588330269 
-4.74669981003 6.62346076965 -0.257836073637 
-4.76457071304 6.62351322174 -0.248227477074 
-4.78180408478 6.62357091904 -0.237716346979 
-4.79821395874 6.62363481522 -0.226101726294 
-4.813580513 6.62370491028 -0.213236778975 
-4.82784080505 6.62378168106 -0.199280485511 
-4.84116744995 6.62386131287 -0.184654846787 
-4.85378694534 6.62394332886 -0.169709935784 
-4.86572933197 6.62402677536 -0.154482007027 
-4.87668561935 6.62411308289 -0.138693481684 
-4.88638782501 6.62420368195 -0.122215718031 
-4.89477539062 6.62429714203 -0.105148807168 
-4.90208721161 6.62439203262 -0.0877884924412 
-4.9085559845 6.62448740005 -0.0703432410955 
-4.91424274445 6.62458324432 -0.0528660975397 
-4.91913461685 6.62467908859 -0.0353636145592 
-4.92327642441 6.62477493286 -0.0178703647107 
-4.92667293549 6.62487077713 -0.000399191892939 
-4.92932939529 6.62496614456 0.0170351173729 
-4.93123483658 6.62506151199 0.0344208665192 
-4.93249893188 6.62515592575 0.0517225749791 
-4.93337917328 6.62525033951 0.0689111351967 
-4.93415212631 6.62534379959 0.0860088169575 
-4.93481636047 6.62543725967 0.103093609214 
-4.93523454666 6.62553119659 0.120235130191 
-4.93524885178 6.62562561035 0.137472584844 
-4.93467473984 6.62572050095 0.15480928123 
-4.93344497681 6.62581586838 0.172236189246 
-4.93150997162 6.62591171265 0.189736381173 
-4.92894172668 6.62600803375 0.20732358098 
-4.92585611343 6.62610530853 0.225047826767 
-4.9221777916 6.62620306015 0.242905795574 
-4.91796636581 6.62630176544 0.260950624943 
-4.91318750381 6.62640190125 0.279204487801 
-4.90792560577 6.62650346756 0.297767162323 
-4.9021859169 6.62660741806 0.316719889641 
-4.89592647552 6.62671327591 0.336126983166 
-4.889128685 6.62682294846 0.356084018946 
-4.88164997101 6.62693500519 0.376589357853 
-4.87343120575 6.62705087662 0.397713840008 
-4.86447381973 6.62717056274 0.419622689486 
-4.85439586639 6.62729358673 0.442016988993 
-4.84267807007 6.62741518021 0.46422958374 
-4.82911682129 6.62753343582 0.485813379288 
-4.81323051453 6.62764167786 0.505581319332 
-4.79470252991 6.62773180008 0.522091567516 
-4.77402353287 6.62780380249 0.535203158855 
-4.75187015533 6.62785959244 0.545412838459 
-4.72861814499 6.62789964676 0.552679777145 
-4.70471382141 6.62792491913 0.557385325432 
-4.68064022064 6.62794399261 0.56077337265 
-4.65648174286 6.62795543671 0.562931895256 
-4.63229703903 6.62796068192 0.563845157623 
