-4.04221773148 0.266109973192 0.312782883644 
-3.99899697304 0.269883602858 0.30046543479 
-3.96824502945 0.273558139801 0.255185455084 
-3.94972109795 0.276284873486 0.208966717124 
-3.9387550354 0.278220325708 0.169750258327 
-3.93207907677 0.279628038406 0.137409284711 
-3.9268116951 0.280761390924 0.111055880785 
-3.92147660255 0.281792372465 0.0886783748865 
-3.91593647003 0.282789796591 0.068143799901 
-3.91043829918 0.283774852753 0.0479399040341 
-3.90643358231 0.284660518169 0.0270184595138 
-3.90650701523 0.285238772631 0.00546385208145 
-3.91152215004 0.285409778357 -0.015576579608 
-3.92035007477 0.28524106741 -0.0352794528008 
-3.93140769005 0.284862041473 -0.0537682957947 
-3.9441447258 0.284326344728 -0.0714094415307 
-3.95838975906 0.283663719893 -0.0887946560979 
-3.97439646721 0.282872408628 -0.106605961919 
-3.99283075333 0.281919687986 -0.125589355826 
-4.01490783691 0.280719101429 -0.146125480533 
-4.04221773148 0.279073387384 -0.165603905916 
-4.07402658463 0.276789218187 -0.174735933542 
-4.10587310791 0.274122714996 -0.169870018959 
-4.13418054581 0.271452307701 -0.154463395476 
-4.15716838837 0.269018858671 -0.132179930806 
-4.17325687408 0.267000854015 -0.10496160388 
-4.18267250061 0.265464186668 -0.0759082138538 
-4.18902778625 0.264218449593 -0.0486029163003 
-4.19457006454 0.263090133667 -0.0232429690659 
-4.19954204559 0.262026667595 0.00139946734998 
-4.20231819153 0.261128753424 0.0263807922602 
-4.20038223267 0.260601997375 0.0515057109296 
-4.19242858887 0.260589033365 0.0753447934985 
-4.1800160408 0.260994553566 0.0968365892768 
-4.16644430161 0.261529237032 0.116965971887 
-4.15378808975 0.261956602335 0.138367086649 
-4.14189386368 0.262206286192 0.164086520672 
-4.12880659103 0.262357264757 0.196953564882 
-4.11075115204 0.262679487467 0.238091126084 
-4.08253765106 0.263737201691 0.281921476126 
