-1.25388021806e-07 -1.94287707217e-08 0.191885413242 
0.0288383440503 2.94089280537e-07 0.182076846445 
0.0557412682179 -5.62534541153e-08 0.171553689624 
0.0809669219186 2.50060995462e-07 0.158906206961 
0.10450284584 9.39094859514e-08 0.143835770993 
0.12510925652 1.54176450509e-07 0.125109208822 
0.141422372381 2.22371581711e-07 0.102749308169 
0.151874790554 1.13405213845e-07 0.0773840621538 
0.155480013155 4.27894974661e-08 0.0505185448922 
0.153505391242 -5.09890753717e-08 0.0243128668884 
0.148617962441 4.16239022832e-08 5.06038537717e-09 
0.141786737458 1.88679129313e-07 -0.0224568089691 
0.133461976545 8.53178968412e-08 -0.0433644276108 
0.123515224025 1.05229393296e-07 -0.0629341606241 
0.112115105636 3.52059417789e-07 -0.081456280649 
0.0989751365291 2.22950956363e-07 -0.0989751686855 
0.0839870531761 2.28462651852e-08 -0.115598435174 
0.0671653881093 2.01191180927e-07 -0.131819289607 
0.0480672381044 1.84318362519e-07 -0.147935492908 
0.025812314499 7.82998831666e-08 -0.162972957623 
-1.08596640456e-07 1.2318143384e-08 -0.176190466771 
-0.0296247618971 2.67164384506e-07 -0.187043641517 
-0.0628372700836 2.83198142007e-07 -0.19339402655 
-0.0981719393278 1.94342161201e-07 -0.192673307151 
-0.133096807285 3.06893083744e-07 -0.183192051606 
-0.164694653183 1.10688289326e-07 -0.164694610976 
-0.189681151354 1.624580429e-07 -0.137811349369 
-0.204448948863 3.39830994386e-07 -0.10417201739 
-0.209216612945 -5.49220649515e-08 -0.0679785800912 
-0.204998653522 2.85743507612e-07 -0.0324686153785 
-0.195988286011 -1.30368359129e-07 -2.77603319238e-09 
-0.186164780045 -1.26642633429e-07 0.0294856040491 
-0.176663942046 2.15617809253e-07 0.0574016131076 
-0.167100844346 -3.5458150964e-08 0.0851421349328 
-0.156169393572 -1.03815349296e-07 0.113463633852 
-0.141685484961 -5.54696612323e-08 0.141685485058 
-0.121722104004 -5.72361621466e-08 0.167536033385 
-0.0954426327908 3.37912739325e-07 0.187317004726 
-0.0642582716649 -2.33534098656e-09 0.197766770787 
-0.0314445394774 2.2783882458e-07 0.198532656504 
