-5.11216402054 1.98298561573 0.41331705451 
-5.07517623901 1.97830057144 0.409037351608 
-5.04119062424 1.97363519669 0.393968582153 
-5.01124477386 1.9692940712 0.373576402664 
-4.98417472839 1.96525585651 0.351628452539 
-4.95829057693 1.96135079861 0.329286724329 
-4.93267250061 1.95744001865 0.305759191513 
-4.90986013412 1.95374751091 0.278329789639 
-4.89384698868 1.95073306561 0.246025308967 
-4.88484811783 1.94848883152 0.210884749889 
-4.8825006485 1.94702637196 0.174639120698 
-4.88584899902 1.9462685585 0.138530507684 
-4.89306259155 1.94600152969 0.102909170091 
-4.9015007019 1.94585871696 0.0664750263095 
-4.90738677979 1.94522988796 0.02472101897 
-4.91390275955 1.94441616535 -0.0251328218728 
-4.93050336838 1.94476604462 -0.0773340016603 
-4.96390962601 1.94753289223 -0.118684247136 
-5.00988054276 1.95240044594 -0.142863288522 
-5.06067895889 1.95830273628 -0.153406411409 
-5.11216402054 1.96457290649 -0.155200660229 
-5.16252851486 1.97103941441 -0.146685406566 
-5.20859766006 1.97738730907 -0.125524535775 
-5.24700975418 1.9831520319 -0.0933104678988 
-5.27672195435 1.98804461956 -0.0550062544644 
-5.29914093018 1.9920861721 -0.0153014557436 
-5.31411790848 1.9952378273 0.0251688230783 
-5.31881380081 1.99716567993 0.0668745785952 
-5.3143787384 1.99791228771 0.106758914888 
-5.30561161041 1.99797940254 0.1421033144 
-5.29642009735 1.99784994125 0.17299310863 
-5.28828716278 1.99776113033 0.201115623116 
-5.2805814743 1.99768996239 0.228160709143 
-5.27167367935 1.99746215343 0.254933983088 
-5.2606215477 1.99697220325 0.281750112772 
-5.247174263 1.99620652199 0.309142827988 
-5.23081207275 1.99512016773 0.337700933218 
-5.20952892303 1.99341309071 0.365764051676 
-5.18180608749 1.99076724052 0.389283835888 
-5.14868450165 1.9872303009 0.405775129795 
