-3.22021981919e-08 5.26230569849e-08 0.145576588754 
0.0221478648008 -1.49133920118e-07 0.139837306016 
0.0430267410263 1.25850334662e-07 0.132422689843 
0.062989439715 -2.72860616568e-07 0.123623719968 
0.08207195877 2.26425941253e-07 0.112962243695 
0.0997712241328 -7.08097414731e-09 0.0997712470353 
0.11535779723 6.45255976324e-08 0.0838123585998 
0.128537667633 6.82803519975e-08 0.0654932178186 
0.140331310227 -1.81111389774e-07 0.0455963758797 
0.151556092519 3.6732186133e-08 0.0240041325899 
0.161815282695 1.03670671638e-07 1.70898420051e-08 
0.169097619736 1.53762180127e-07 -0.0267823764126 
0.171654921118 8.69852239821e-08 -0.0557739779996 
0.168547419292 -1.67111675282e-07 -0.0858792286924 
0.160598094227 5.87573528027e-08 -0.116681314075 
0.148074243468 -1.37956504033e-07 -0.148074434557 
0.130858826811 -1.2966454499e-07 -0.180111978865 
0.107340730665 1.71745036984e-07 -0.21066781124 
0.0771757763523 -1.93189387716e-08 -0.237522847529 
0.0409950211867 1.68502239975e-07 -0.258831949646 
-5.532706386e-08 8.03112066932e-09 -0.273923866077 
-0.0445986372323 -3.14665495634e-07 -0.281584703102 
-0.0903408877445 2.21069449215e-07 -0.278041221696 
-0.133988068195 1.33386129232e-07 -0.262966384176 
-0.171488441582 7.55867878288e-08 -0.236033562017 
-0.197430409179 -1.70548985122e-07 -0.197430277102 
-0.209874395489 -1.76802388549e-07 -0.152482658781 
-0.211544013945 -4.45620465528e-09 -0.107787123192 
-0.206938056369 -8.23340176592e-08 -0.0672382843418 
-0.200195853649 -1.04395849056e-07 -0.0317079166554 
-0.19269272031 4.85785597859e-09 7.3171012179e-09 
-0.183917013831 2.72763469589e-07 0.029129693185 
-0.173070307686 1.12051343475e-07 0.0562339635202 
-0.158692760979 -1.76790737091e-07 0.0808580150912 
-0.140827759312 1.61210839761e-07 0.102317473753 
-0.120162783957 2.08445087208e-07 0.120162859816 
-0.0972087315655 -1.77818611797e-07 0.133796268846 
-0.0729185055886 1.41992476978e-08 0.143110492585 
-0.0480991881508 2.17749747514e-07 0.148034391157 
-0.0235335391723 1.56846027244e-07 0.148585857877 
