u parameter: 0.8
xAxis: -0.121996847488 0.992530378803 0.000465140535113
yAxis: 0.992530465449 0.1219967319 0.000269370749967
zAxis: -0.000210613027346 -0.000494528534116 0.999999855542
center: -4.14583525148 2.31445674896 0.118156504631
-3.95295333862 2.33816480637 0.118208855391
-3.97076249123 2.33600258827 0.0608952976763
-3.99237036705 2.33337259293 0.00587756372988
-4.03075313568 2.32867670059 -0.0413550063968
-4.08360147476 2.32219648361 -0.0746775344014
-4.14579200745 2.31455850601 -0.0876175016165
-4.2132935524 2.30626320839 -0.0911762043834
-4.28081846237 2.2979528904 -0.0691214427352
-4.33040618896 2.29183363914 -0.0170220453292
-4.36062574387 2.28808879852 0.0477784648538
-4.38574504852 2.28496813774 0.118091396987
-4.40878725052 2.2820956707 0.204160511494
-4.40148496628 2.28294587135 0.305196613073
-4.34946680069 2.28929519653 0.400402873755
-4.25727939606 2.30059671402 0.463472276926
-4.14590597153 2.31429076195 0.453851997852
-4.05423355103 2.32558274269 0.402409821749
-3.98644709587 2.33394432068 0.339294463396
-3.95065498352 2.33838033676 0.261105507612
-3.9418823719 2.33949422836 0.1849835217
