11
-1.638999939 16.28403473 0.1530496776
-1.639000177 16.32374763 0.0241849646
-1.639000058 16.34574318 -0.02643708885
-1.639000058 16.35504913 -0.0818747431
-1.639000058 16.36612129 -0.2263277471
-1.639000058 16.36789131 -0.3914408684
-1.639000058 16.35837936 -0.5313019753
-1.639000058 16.32824707 -0.660826683
-1.639000058 16.26111794 -0.7816346884
-1.639000058 16.25158501 0.2165068686
-1.639000058 16.2515831 -0.790992856
// Undo: 
23
  -1.839  16.38216  -0.2456941
  -1.839  16.37701871  -0.188404347
  -1.839  16.37245204  -0.06522259583
  -1.839  16.31411144  0.09728306098
  -1.839  16.21981384  0.2635116644
  -1.839  16.06664749  0.3341490091
  -1.839  15.90629522  0.4578011016
  -1.839  15.79048174  0.5297609557
  -1.839  15.84697442  0.1913130995
  -1.839  15.81330028  0.1065738597
  -1.839  15.82829414  -0.1123832323
  -1.839  15.82006866  -0.2812090575
  -1.839  15.83234241  -0.4448034368
  -1.839  15.80857838  -0.660291734
  -1.839  15.85139905  -0.7727368428
  -1.839  15.79683063  -1.038833146
  -1.839  15.86307128  -1.142983338
  -1.839  16.06137398  -0.9943687512
  -1.839  16.17601014  -0.9032640284
  -1.839  16.29019341  -0.73996907
  -1.839  16.33259493  -0.5791011682
  -1.839  16.36919742  -0.4577283938
  -1.839  16.38116  -0.4029032
// Undo: 
29
  -2.039  16.39497  -0.2904632
  -2.039  16.38918447  -0.2331331498
  -2.039  16.37762109  -0.1217082549
  -2.039  16.34135508  0.04896856096
  -2.039  16.23494685  0.186333373
  -2.039  16.09128056  0.2851774253
  -2.039  15.94339668  0.3594840769
  -2.039  15.78117587  0.4429119844
  -2.039  15.63905752  0.4879729372
  -2.039  15.45803659  0.6256815305
  -2.039  15.37380034  0.5084613669
  -2.039  15.4219724  0.2798656004
  -2.039  15.38406466  0.1501707618
  -2.039  15.40227288  -0.04320055073
  -2.039  15.39436576  -0.2056527282
  -2.039  15.39837036  -0.3782762942
  -2.039  15.3954196  -0.5490587514
  -2.039  15.40513414  -0.7197781005
  -2.039  15.40314822  -0.8890716278
  -2.039  15.41405634  -1.073177809
  -2.039  15.60178031  -1.125866883
  -2.039  15.75637865  -1.163060178
  -2.039  15.93920815  -1.128427749
  -2.039  16.0713305  -1.026638387
  -2.039  16.2101068  -0.9195802597
  -2.039  16.29559431  -0.7707809487
  -2.039  16.35327021  -0.6086699856
  -2.039  16.37926396  -0.4987575496
  -2.039  16.39108  -0.4425578
// Undo: 
54
-2.239000082 15.08390617 -0.6121964455
-2.239000082 15.12716007 -0.2616686523
-2.239000082 15.1198597 -0.3515036702
-2.239000082 15.12183952 -0.430236578
-2.239000082 15.11063004 -0.6733359098
-2.239000082 15.21643066 -0.9169875383
-2.239000082 15.34000397 -1.024472713
-2.239000082 15.22394371 -0.9273515344
-2.239000082 15.11043262 -0.6927993894
-2.239000082 16.14167404 0.2038750947
-2.23900032 16.04015541 0.2638149858
-2.239000082 15.91102219 0.31556499
-2.239000082 16.17366409 0.1766961217
-2.239000082 16.23627853 0.1191180274
-2.239000082 16.30792236 0.01784730516
-2.239000082 15.13600826 -0.1957869381
-2.239000082 15.17089939 -0.02522212267
-2.239000082 15.4618454 -1.078845263
-2.239000082 15.52133751 -1.094061852
-2.23900032 15.42675018 -1.071060658
-2.239000082 15.23173046 0.2169692367
-2.239000082 15.25337887 0.333942771
-2.239000082 15.29529285 0.4509788156
-2.239000082 15.31683731 0.4566876292
-2.239000082 15.41962242 0.4623020291
-2.239000082 15.51021481 0.4392361343
-2.239000082 15.38690376 0.4723365903
-2.239000082 15.25371647 0.3356380463
-2.239000082 16.34836578 -0.09159460664
-2.239000082 16.36915207 -0.2140102088
-2.239000082 16.37759781 -0.3849476278
-2.239000082 16.37275696 -0.5012241602
-2.239000082 16.37877274 -0.3573708236
-2.23900032 15.2066555 0.09553927928
-2.239000082 15.21478367 0.128821969
-2.239000082 15.84792995 0.3357304633
-2.239000082 15.69965553 0.3833835721
-2.238999844 16.07051086 -1.078158617
-2.239000082 16.20400429 -0.9588634968
-2.239000082 16.34929848 -0.6243084669
-2.239000082 16.31310844 -0.7375104427
-2.239000082 16.27872658 -0.847604394
-2.239000082 16.26335716 -0.8723961711
-2.239000082 16.05066299 -1.092859507
-2.239000082 15.83970261 -1.178795338
-2.23900032 15.56575298 -1.120797396
-2.239000082 15.63102245 -1.151274085
-2.239000082 15.65089035 -1.158918142
-2.239000082 15.81768894 -1.177672386
-2.23900032 15.76494217 -1.171834469
-2.239000082 15.10663509 -0.5282190442
-2.239000082 15.10823917 -0.5262028575
-2.239000082 15.13303661 -0.797023654
-2.239000082 15.14331722 -0.1479097456
// Undo: 
46
-2.43900013 15.14385891 -0.4451082051
-2.438999891 15.13378906 -0.546184063
-2.438999891 15.12610817 -0.6591251493
-2.438999891 15.15858269 -0.271520704
-2.43900013 15.14971924 -0.357306391
-2.438999891 15.39718246 -1.092890501
-2.438999891 15.25976658 -1.009983897
-2.438999891 15.15276146 -0.8887926936
-2.438999891 15.12734032 -0.7042072415
-2.438999891 15.12425804 -0.764559567
-2.438999891 16.24359131 0.01776871085
-2.438999891 16.2998867 -0.07132656872
-2.438999891 16.23547173 0.0304791443
-2.438999891 16.15017891 0.1171612218
-2.438999891 16.05528831 0.1732985675
-2.438999891 15.93588734 0.2158613354
-2.438999891 15.16991901 -0.1875960678
-2.438999891 15.1715889 -0.1747497916
-2.438999891 15.20256329 -0.07234779
-2.438999891 15.60813808 -1.11839354
-2.438999891 15.50960732 -1.119874239
-2.438999891 15.81053925 -1.175029516
-2.438999891 15.75866127 -1.171972036
-2.438999891 15.53846931 0.2965217233
-2.438999891 15.46173859 0.2792990804
-2.438999891 15.39402771 0.2194013894
-2.438999891 15.35108662 0.1114117056
-2.438999891 15.36717987 0.1520302296
-2.438999891 15.36986828 0.1668467522
-2.438999891 15.56840515 0.3028526008
-2.438999891 16.33459854 -0.1750713289
-2.438999653 16.35046005 -0.2892563641
-2.438999891 16.35732651 -0.4236150384
-2.438999891 16.35024452 -0.5584293604
-2.438999891 15.27626038 0.02569591068
-2.438999891 15.75413132 0.2673139572
-2.438999891 15.58123589 0.3002060354
-2.438999891 16.32962036 -0.6718610525
-2.438999891 16.29544449 -0.7782694101
-2.438999891 16.28293228 -0.8136613369
-2.438999891 16.25042343 -0.8873243928
-2.438999891 16.15517044 -0.9964898229
-2.438999891 16.02315712 -1.094034672
-2.438999653 15.98287678 -1.119921803
-2.438999891 15.7121439 -1.154074669
-2.438999891 15.68798256 -1.142792463
// Undo: 
45
-2.638999939 15.11881447 -0.6991647482
-2.638999939 15.1337738 -0.5827162862
-2.638999939 15.15096283 -0.4754896164
-2.638999939 15.160923 -0.3814032674
-2.639000177 15.17420292 -0.2925276756
-2.638999939 15.11692047 -0.8268274665
-2.638999939 15.15588188 -0.958622396
-2.638999939 15.26730728 -1.067114592
-2.638999939 15.40814686 -1.140453935
-2.638999701 15.11692142 -0.827557683
-2.638999939 16.2742672 -0.142678678
-2.638999939 16.20942307 -0.04433045536
-2.638999939 16.12388229 0.03827293962
-2.638999939 16.02890396 0.08966125548
-2.638999701 15.91411686 0.1247771382
-2.638999939 15.3386898 0.0003113299608
-2.638999939 15.25977325 -0.08279660344
-2.639000177 15.1997509 -0.1732032001
-2.638999939 15.70310783 -1.130669951
-2.638999939 15.6827116 -1.142942548
-2.638999939 15.83268738 -1.114979744
-2.638999939 15.88791084 -1.11651969
-2.638999939 15.9620533 -1.098389626
-2.638999939 15.53822994 -1.16315949
-2.638999939 15.62584877 0.158355087
-2.638999939 15.73235798 0.1589404494
-2.638999939 15.48472881 0.07647734135
-2.638999939 16.32193756 -0.3483377099
-2.638999939 16.30755043 -0.2410896122
-2.638999939 16.31854057 -0.6023411751
-2.638999939 16.3271122 -0.4750386477
-2.638999939 16.29558563 -0.7119215727
-2.638999939 16.25415421 -0.8174644709
-2.638999939 16.20958328 -0.896027267
-2.638999939 16.19015884 -0.9248459339
-2.638999939 16.07438278 -1.027096987
-2.638999939 15.18389893 -0.2478826642
-2.638999939 15.19760895 -0.1799420416
-2.638999939 15.60563469 0.1509991884
-2.638999939 15.52232933 0.1202980205
-2.638999939 15.51376343 0.1138304472
-2.638999939 15.48641396 0.07898849994
-2.638999939 15.51011562 0.1103943661
-2.638999939 15.76105976 0.1559796035
-2.638999939 15.90433788 0.1271026582
// Undo: 
41
-2.838999987 15.15371513 -0.4792593718
-2.838999987 15.16297436 -0.4088350534
-2.839000225 15.18014908 -0.317718029
-2.838999987 15.14927578 -0.5076576471
-2.838999987 15.12317467 -0.6186623573
-2.838999987 15.10547066 -0.7389564514
-2.838999987 15.15300179 -1.014115572
-2.838999987 15.26615429 -1.11640656
-2.838999987 15.30243683 -1.133625507
-2.838999987 15.40489006 -1.181619525
-2.839000225 15.10927486 -0.8773185611
-2.838999987 15.81868839 0.02996006608
-2.838999987 15.82944012 0.02671660855
-2.838999987 16.04489326 -0.03131495789
-2.838999987 15.94908905 0.001683026552
-2.839000225 16.05760384 -0.03710938618
-2.838999987 16.1505661 -0.1067463458
-2.838999987 16.22373962 -0.1930122375
-2.838999987 15.18572617 -0.292034626
-2.838999987 15.22430038 -0.19511199
-2.838999987 15.29338837 -0.1025476009
-2.838999987 15.80866528 -1.099967003
-2.839000225 15.66317177 -1.184138179
-2.838999987 15.84266853 -1.067352533
-2.838999987 15.96133995 -1.020104766
-2.838999987 15.51721573 -1.200643063
-2.838999987 15.52939415 -1.202626348
-2.838999748 15.97210026 -1.014704585
-2.838999748 16.10893059 -0.9570129514
-2.838999987 16.1241436 -0.9455900788
-2.838999987 15.70449257 0.05326394737
-2.838999987 15.67750549 0.05382967368
-2.838999987 15.59724045 0.0723272264
-2.838999987 15.43507767 0.005142290611
-2.838999987 15.47986412 0.02617801912
-2.838999987 16.26589203 -0.2875567675
-2.838999987 16.28541565 -0.3931128979
-2.838999987 16.29039574 -0.5151996613
-2.838999987 16.27849007 -0.6387507915
-2.838999987 16.24901581 -0.749540627
-2.838999987 16.19537544 -0.8565484285
// Undo: 
38
-3.039000034 15.13560867 -0.5374044776
-3.039000034 15.10808372 -0.6527683139
-3.039000034 15.09044647 -0.7790075541
-3.039000034 15.17258644 -0.346260339
-3.039000034 15.15163994 -0.4378488064
-3.039000034 15.37302589 -1.21004796
-3.039000034 15.24901962 -1.154136896
-3.039000034 15.14916039 -1.063076496
-3.038999796 15.09334087 -0.8251311183
-3.039000034 15.10174656 -0.9254989624
-3.039000034 15.8553772 -0.1031710356
-3.039000034 15.85172558 -0.09925161302
-3.039000034 15.76369953 -0.02996986546
-3.039000034 15.96260643 -0.150226295
-3.039000034 16.04469109 -0.2057515532
-3.039000034 16.13447762 -0.2838349938
-3.039000034 16.05633163 -0.2131687999
-3.039000034 15.25571156 -0.1780130714
-3.039000034 15.19907188 -0.2641228735
-3.039000034 15.64846992 -1.228014708
-3.039000034 15.78831577 -1.160705924
-3.039000034 15.90547752 -1.059527397
-3.039000034 15.81156921 -1.141489983
-3.039000034 15.50677586 -1.236709714
-3.039000273 15.97723961 -0.9506924152
-3.039000034 16.05051994 -0.894721508
-3.039000034 15.96804047 -0.9728993177
-3.039000034 16.09880066 -0.8503258228
-3.039000034 16.15760231 -0.7910808921
-3.039000034 16.21580315 -0.6787896156
-3.039000034 16.23673058 -0.558260262
-3.039000034 16.22971344 -0.4428410828
-3.039000034 16.19379425 -0.3531588316
-3.039000034 15.66392517 0.02535064891
-3.039000034 15.73703003 -0.01604960859
-3.039000034 15.53483772 0.04119746387
-3.039000034 15.42444611 -0.02485452406
-3.039000034 15.38125515 -0.05331355706
// Undo: 
38
-3.238999844 15.07762241 -0.8179147243
-3.239000082 15.09382057 -0.6871141195
-3.238999844 15.12195683 -0.5683236718
-3.23900032 15.13817024 -0.4684124887
-3.239000082 15.15950203 -0.3772370815
-3.238999844 15.28623486 -1.215061545
-3.239000082 15.23131466 -1.191454887
-3.239000082 15.14488029 -1.109064698
-3.238999844 15.09453392 -0.9695966244
-3.239000082 15.34231281 -1.238385558
-3.239000082 15.76046848 -0.04834092408
-3.239000082 15.84852028 -0.1151618734
-3.239000082 15.85544491 -0.1208549142
-3.239000082 15.92679787 -0.2117274851
-3.23900032 16.03420639 -0.4004550576
-3.239000082 16.01336479 -0.3803321719
-3.23900032 15.18389797 -0.2962385714
-3.239000082 15.22151566 -0.2372980416
-3.238999844 15.23623466 -0.2144837976
-3.239000082 15.63581944 -1.273029685
-3.239000082 15.77802277 -1.222757459
-3.238999844 15.89527225 -1.139708757
-3.239000082 15.62571144 -1.272939205
-3.23900032 15.96161366 -1.060590625
-3.239000082 15.99294758 -0.977802515
-3.239000082 15.99137211 -0.9815458655
-3.239000082 16.03601646 -0.8514661193
-3.239000082 16.05541611 -0.7898738384
-3.23900032 16.09374619 -0.7375001311
-3.239000082 16.11882782 -0.6273149252
-3.239000082 16.11224556 -0.5262927413
-3.23900032 16.0828476 -0.4561673105
-3.239000082 15.63995838 0.003391513601
-3.238999844 15.50495529 0.003858775832
-3.239000082 15.35949326 -0.09222195297
-3.239000082 15.48454189 -1.270301104
-3.239000082 15.9585371 -0.2657993436
-3.239000082 15.98550987 -0.3065583706
// Undo: 
32
-3.438999653 15.10832024 -0.6001855731
-3.438999891 15.1018219 -0.6279562712
-3.438999891 15.12410641 -0.5009226203
-3.438999891 15.14507866 -0.4114899933
-3.438999891 15.08090305 -0.7217314243
-3.438999653 15.06845188 -0.8558180928
-3.438999891 15.14544392 -1.147024035
-3.43900013 15.22383213 -1.222531557
-3.43900013 15.32695293 -1.265508175
-3.43900013 15.09292221 -1.009429097
-3.438999891 15.75151062 -0.06940948218
-3.438999891 15.85181427 -0.1407180876
-3.438999891 15.93134308 -0.2345018238
-3.438999891 15.98467159 -0.345518589
-3.438999891 16.017313 -0.4579022527
-3.438999891 15.17207718 -0.3261850476
-3.438999891 15.2262764 -0.2414531708
-3.438999891 16.01088524 -1.022067308
-3.438999891 16.03203773 -0.9165611267
-3.438999891 16.04864502 -0.795276463
-3.438999891 16.04779816 -0.6843681931
-3.438999891 16.03779793 -0.5875066519
-3.43900013 16.03232765 -0.5226544738
-3.438999891 16.00370598 -1.051316381
-3.43900013 15.96495152 -1.130303025
-3.43900013 15.89090729 -1.202835083
-3.43900013 15.62434101 -0.03089858033
-3.438999891 15.48655319 -0.03976684064
-3.438999891 15.34462643 -0.129925102
-3.43900013 15.46804142 -1.299305439
-3.438999653 15.62145042 -1.305541873
-3.438999891 15.76836777 -1.267620802
// Undo: 
32
-3.638999939 15.10276985 -0.6387799978
-3.638999939 15.08048534 -0.7584215999
-3.638999939 15.07258892 -0.8903858662
-3.638999939 15.13725281 -0.4503924847
-3.638999939 15.11700916 -0.5394736528
-3.638999939 15.31161976 -1.292631865
-3.638999939 15.21775341 -1.25208056
-3.638999701 15.14842987 -1.181179762
-3.638999939 15.0981226 -1.044077754
-3.638999939 15.12555408 -1.119653702
-3.638999701 15.92976856 -0.2745291889
-3.638999939 15.84751892 -0.1757362932
-3.638999939 15.74325943 -0.1025656164
-3.638999939 16.02136993 -0.4929178953
-3.638999939 15.98653984 -0.3867611587
-3.638999939 15.21911812 -0.2797308564
-3.638999939 15.16490746 -0.3650736213
-3.638999939 16.03112793 -0.614343524
-3.638999939 16.03112221 -0.5538381934
-3.638999939 16.02716255 -0.9521959424
-3.638999939 15.99636841 -1.078397632
-3.638999939 16.0428772 -0.8307604194
-3.638999939 15.95820045 -1.168616652
-3.638999701 15.88651752 -1.246404529
-3.638999939 15.93198204 -1.197354317
-3.638999939 16.04086304 -0.7145389915
-3.638999939 15.61154747 -0.07311976701
-3.638999939 15.47107887 -0.08916863799
-3.638999939 15.33237743 -0.1735378951
-3.638999939 15.45176125 -1.326935768
-3.638999939 15.60743046 -1.335425615
-3.638999939 15.75865555 -1.304446459
// Undo: 
32
-3.839000225 15.08266068 -0.9247195721
-3.838999748 15.08556938 -0.7959758043
-3.838999748 15.1025753 -0.6791145802
-3.838999748 15.11500549 -0.5809266567
-3.838999987 15.13467884 -0.4928633571
-3.839000225 15.2963295 -1.319756866
-3.838999987 15.21350384 -1.278637648
-3.838999987 15.15744305 -1.207713008
-3.838999987 15.11013985 -1.074685454
-3.839000225 15.75763512 -0.1661432832
-3.838999748 15.84375095 -0.2267973125
-3.838999987 15.92747784 -0.3265140653
-3.838999987 15.73609924 -0.1512912363
-3.838999987 15.9806366 -0.4322681427
-3.839000225 16.01182556 -0.5303114653
-3.839000225 15.16278267 -0.4102669954
-3.838999987 15.21593094 -0.329018265
-3.839000225 16.02291679 -0.5852457881
-3.838999748 16.02531433 -0.6415608525
-3.838999987 15.9918251 -1.09385705
-3.839000225 16.02122116 -0.9741224051
-3.838999987 16.03549576 -0.8542782068
-3.838999987 15.95144749 -1.194056511
-3.838999987 15.87926769 -1.278300166
-3.839000225 16.0341835 -0.7402610183
-3.839000225 15.59811783 -0.1283832639
-3.838999987 15.4535408 -0.1485395879
-3.838999987 15.32167244 -0.2286213338
-3.838999987 15.40158844 -0.1797191203
-3.839000225 15.43579292 -1.352622151
-3.838999987 15.59401512 -1.361010671
-3.838999748 15.74817848 -1.334084034
// Undo: 
34
-4.039000034 15.13860989 -0.5396358371
-4.039000034 15.12768936 -0.5862377882
-4.039000034 15.11003017 -0.7207942605
-4.039000034 15.09745979 -0.8345329762
-4.039000034 15.09742165 -0.9604297876
-4.039000034 15.11934757 -0.6252943873
-4.039000034 15.17789841 -1.229012489
-4.039000034 15.23810577 -1.299496174
-4.039000034 15.32150841 -1.342240334
-4.039000034 15.12771893 -1.103652716
-4.039000034 15.9969902 -0.5732434988
-4.039000034 15.97038078 -0.4857722223
-4.039000034 15.94183731 -0.4278661907
-4.039000034 15.73044395 -0.2208484709
-4.039000034 15.83898544 -0.2937155962
-4.039000034 15.9220438 -0.3892610669
-4.039000034 15.16845798 -0.4601486325
-4.039000034 15.22216702 -0.3834055662
-4.039000034 16.01733971 -0.6758429408
-4.039000034 16.01104736 -0.6232282519
-4.039000034 15.59107113 -0.2006071508
-4.039000034 15.44727516 -0.221906215
-4.039000034 15.32196045 -0.2933240831
-4.038999557 16.03048706 -0.8668547273
-4.039000034 16.02728462 -0.7649210691
-4.039000034 15.9426527 -1.204160571
-4.039000034 15.85959816 -1.299916863
-4.039000034 16.00323296 -1.082350373
-4.039000034 16.00375938 -1.081505299
-4.039000034 15.56950569 -1.380777597
-4.039000034 15.72280979 -1.355398178
-4.039000034 16.00381088 -1.080847263
-4.038999557 16.02409363 -0.9756690264
-4.039000034 15.43599129 -1.373971462
// Undo: 
34
-4.238999844 15.13606071 -0.7618784904
-4.238999844 15.1197567 -0.8745188713
-4.238999844 15.11886215 -0.9134656787
-4.238999844 15.1160593 -0.9990600944
-4.238999844 15.15959644 -0.5967827439
-4.238999844 15.14351463 -0.6748297215
-4.238999844 15.3483963 -1.366230726
-4.23900032 15.2685318 -1.319766045
-4.238999844 15.20328617 -1.247946739
-4.238999844 15.14887905 -1.132033348
-4.238999844 15.90447807 -0.4826376736
-4.238999844 15.8274498 -0.3985269666
-4.238999844 15.72596073 -0.3290984929
-4.238999844 15.95711136 -0.5900360346
-4.238999844 15.97309875 -0.6359679699
-4.238999844 15.94769001 -0.5631035566
-4.238999844 15.24476242 -0.4367340803
-4.23900032 15.19045639 -0.5135037899
-4.238999844 15.98890495 -0.6806604266
-4.238999844 16.000494 -0.7266610861
-4.238999844 16.01781464 -0.7906733155
-4.238999844 16.02976227 -0.8692151308
-4.238999844 15.46343613 -0.3145105839
-4.238999844 15.34318924 -0.3649506569
-4.23900032 15.59738731 -0.3038176298
-4.238999844 15.83512306 -1.315724373
-4.238999844 15.94027233 -1.207882643
-4.238999844 15.96897316 -1.167047977
-4.238999844 15.6930294 -1.37395668
-4.238999844 15.54429436 -1.401823997
-4.238999844 16.04740715 -0.9836065173
-4.238999844 16.0479908 -0.9657381177
-4.238999844 15.43688774 -1.39728117
-4.238999844 16.04990768 -1.097154617
// Undo: 
34
-4.43900013 15.13053513 -1.040078998
-4.43900013 15.1411047 -0.9171439409
-4.43900013 15.16439819 -0.8052910566
-4.43900013 15.17275238 -0.7259575129
-4.43900013 15.18892288 -0.655441761
-4.43900013 15.14293861 -1.083453298
-4.43900013 15.16239166 -1.163940668
-4.43900013 15.21479893 -1.274214387
-4.43900013 15.27583313 -1.348613977
-4.43900013 15.34908104 -1.397556305
-4.43900013 15.98727894 -0.7801789045
-4.43900013 15.96408176 -0.7367714047
-4.43900013 15.94124794 -0.694119215
-4.43900013 15.72647667 -0.4573433399
-4.43900013 15.81631947 -0.517906487
-4.43900013 15.88381958 -0.5841436982
-4.43900013 15.91946793 -0.6419026852
-4.43900013 15.92383289 -0.6524730921
-4.43900013 15.22295475 -0.5693801641
-4.43900013 15.27987099 -0.4930738807
-4.43900013 16.04655075 -0.8881701827
-4.43900013 16.01688385 -0.8225653768
-4.43900013 15.37887764 -0.442581892
-4.43900013 15.49569893 -0.417881906
-4.43900013 15.61548233 -0.4238588214
-4.43900013 15.52399445 -1.430076718
-4.43900013 15.66836643 -1.394973993
-4.43900013 15.81448555 -1.330723643
-4.43900013 15.42629433 -1.427719474
-4.43900013 16.09471512 -1.018447399
-4.43900013 16.09075165 -1.148340702
-4.43900013 16.09356308 -1.0972929
-4.43900013 15.96144009 -1.241740823
-4.43900013 16.06557655 -1.165680289
// Undo: 
33
-4.638999939 15.22855377 -0.7101356387
-4.638999939 15.20044899 -0.7778182626
-4.638999939 15.17939568 -0.8568909168
-4.638999939 15.14170647 -0.9670543671
-4.638999462 15.11867619 -1.086578012
-4.638999939 15.14387226 -1.210028768
-4.638999939 15.15467548 -1.234063625
-4.638999939 15.19242477 -1.319443226
-4.638999939 15.32440662 -1.435568571
-4.638999939 15.25076008 -1.390390158
-4.638999939 15.84218502 -0.6535131931
-4.638999939 15.87091637 -0.6765512228
-4.638999939 15.81230927 -0.6227492094
-4.638999939 15.73521423 -0.5702067614
-4.638999939 15.89969063 -0.7169192433
-4.638999939 15.94319534 -0.7629542947
-4.638999939 15.99529266 -0.8222934008
-4.638999939 15.33794022 -0.5615493655
-4.638999939 15.27370262 -0.6302237511
-4.638999939 16.0502758 -0.8776493073
-4.638999939 16.09456635 -0.9497267604
-4.638999939 15.5367012 -0.5222882032
-4.638999939 15.42978191 -0.5298107862
-4.638999939 15.64066601 -0.5363396406
-4.638999939 15.63420105 -1.433216572
-4.638999939 15.50880241 -1.465370893
-4.638999939 15.66164398 -1.426268339
-4.638999939 15.82042694 -1.360710621
-4.638999939 15.40498924 -1.464059711
-4.638999939 16.13538361 -1.072883725
-4.638999939 16.1211586 -1.195210934
-4.638999939 15.98717499 -1.281787515
-4.638999939 15.85074711 -1.344501019
// Undo: 
32
-4.839000225 15.17912292 -0.9105579853
-4.839000225 15.22160149 -0.8246147633
-4.839000225 15.27359772 -0.7529867887
-4.839000225 15.10152149 -1.129690528
-4.839000225 15.1304512 -1.015802264
-4.839000225 15.16541672 -1.363236666
-4.839000225 15.12059307 -1.253288269
-4.839000225 15.23585701 -1.436902165
-4.839000225 15.22151852 -1.429142714
-4.839000225 15.2965641 -1.468421102
-4.838999748 16.01252556 -0.8361324072
-4.839000225 15.93710136 -0.7637366056
-4.839000225 15.86206245 -0.711458683
-4.839000225 15.7515316 -0.6606488824
-4.838999748 15.81502533 -0.694860816
-4.839000225 15.83298016 -0.7091931105
-4.839000225 15.34006882 -0.6911485195
-4.839000225 15.41965485 -0.6439414024
-4.839000225 16.12325668 -0.9868098497
-4.839000225 16.07683372 -0.9049642086
-4.839000225 15.49277306 -0.6237677336
-4.839000225 15.58068085 -0.6203607321
-4.839000225 15.66941547 -0.6334164143
-4.839000225 15.38736439 -1.496438265
-4.839000225 15.50308323 -1.498539209
-4.839000225 15.51103306 -1.496541977
-4.839000225 15.83534241 -1.390748739
-4.839000225 15.66498756 -1.456424594
-4.839000225 16.152668 -1.102047801
-4.839000225 16.13244438 -1.22066915
-4.838999748 16.0092392 -1.316995263
-4.839000225 15.94754601 -1.34545815
// Undo: 
30
-5.039000034 15.17330551 -0.9467097521
-5.039000034 15.12213135 -1.049978018
-5.039000034 15.09520054 -1.160371661
-5.039000034 15.30181503 -0.7790086269
-5.039000034 15.23258781 -0.8545771837
-5.039000034 15.16299438 -1.384923577
-5.039000034 15.22131348 -1.443011403
-5.039000034 15.29841709 -1.478113413
-5.039000511 15.11598492 -1.28033638
-5.039000034 15.85369396 -0.7009989023
-5.039000034 15.9455862 -0.756667614
-5.038999557 16.0307045 -0.8353570104
-5.039000034 15.77813053 -0.7161445022
-5.039000034 15.70030594 -0.7063021064
-5.039000034 15.62105083 -0.6988251805
-5.039000034 15.45589828 -0.69987607
-5.039000034 15.37398338 -0.7307961583
-5.039000034 16.0928421 -0.9121478796
-5.039000034 16.13253975 -0.999635756
-5.039000034 15.53993511 -0.6953797936
-5.039000034 15.39708042 -1.50992775
-5.039000034 15.51978207 -1.517221928
-5.039000034 15.68045044 -1.476926804
-5.039000034 15.84968185 -1.409591794
-5.039000034 16.15273285 -1.112477064
-5.039000511 16.12814713 -1.228893638
-5.039000034 16.01149559 -1.328110814
-5.039000034 16.07245255 -1.27755785
-5.039000034 15.80681038 -0.7172180414
-5.039000034 15.84956264 -0.7038170099
// Undo: 
27
-5.238999844 15.10030174 -1.179994822
-5.238999844 15.12218475 -1.069475889
-5.238999844 15.17090702 -0.9641498923
-5.238999844 15.23890591 -0.8688281775
-5.238999844 15.3159647 -0.792134881
-5.238999844 15.30827618 -1.476572394
-5.238999844 15.23039055 -1.445434332
-5.238999844 15.17213249 -1.393692374
-5.238999844 15.12339592 -1.295204639
-5.238999844 15.84796715 -0.6845157146
-5.238999844 15.95243168 -0.7461439967
-5.238999844 16.04398346 -0.8327357769
-5.238999844 15.63729763 -0.7092039585
-5.238999367 15.73010635 -0.6977077127
-5.238999844 15.82395077 -0.7008957863
-5.238999844 15.38365555 -0.7502573133
-5.238999844 15.45707512 -0.7262868881
-5.238999367 16.10108185 -0.9156522751
-5.238999844 16.13140869 -1.007195711
-5.238999844 15.54463196 -0.7150044441
-5.238999844 15.53925133 -1.524786353
-5.238999844 15.41220856 -1.512243509
-5.238999844 15.86100578 -1.420770526
-5.238999844 15.69847679 -1.487928391
-5.238999844 16.14320946 -1.115923405
-5.238999844 16.11336136 -1.227456212
-5.238999844 16.00676537 -1.331738472
// Undo: 
26
-5.43900013 15.17854881 -0.9688725471
-5.43900013 15.13327026 -1.079448104
-5.43900013 15.11526489 -1.193613172
-5.43900013 15.32622147 -0.7981203794
-5.43900013 15.24772263 -0.873575151
-5.43900013 15.18877029 -1.393876553
-5.43900013 15.24422836 -1.439985633
-5.43900013 15.31933689 -1.467587948
-5.43900013 15.13992882 -1.302883148
-5.43900013 15.84613895 -0.682600379
-5.43900013 15.74498177 -0.6815725565
-5.43900013 15.64582825 -0.7032005787
-5.43900013 16.04524994 -0.8367031217
-5.43900013 15.95338154 -0.7471570969
-5.43900013 15.46271515 -0.7352262735
-5.43900013 15.39226532 -0.7579436302
-5.43900013 16.12265778 -1.020381451
-5.43900013 16.09754181 -0.925011158
-5.43900013 15.55032635 -0.7163417339
-5.43900013 15.55075073 -1.520400286
-5.43900013 15.70846653 -1.492458344
-5.43900013 15.86668205 -1.433273911
-5.43900013 15.42347527 -1.50415802
-5.43900013 16.13096809 -1.124140263
-5.43900013 16.10033798 -1.230498791
-5.43900013 16.00179482 -1.339501262
// Undo: 
26
-5.638999939 15.13609886 -1.20343709
-5.638999939 15.15100956 -1.084801674
-5.638999939 15.19242096 -0.968583703
-5.638999939 15.25894642 -0.8751099706
-5.638999939 15.3359108 -0.802092135
-5.638999939 15.33060646 -1.454139829
-5.639000416 15.26064491 -1.429599047
-5.638999939 15.20965862 -1.388582349
-5.638999939 15.16186237 -1.306054831
-5.638999939 15.65457726 -0.7017741799
-5.638999939 15.75014114 -0.6853765845
-5.638999939 15.8468647 -0.6913554072
-5.638999939 15.95041752 -0.7564510703
-5.638999939 16.03850365 -0.8455756307
-5.638999939 15.40251541 -0.7616524696
-5.638999939 15.47380829 -0.7377595305
-5.638999939 16.08608437 -0.9383276701
-5.638999939 16.10836983 -1.036936164
-5.638999462 15.56085873 -0.7159203291
-5.638999939 15.8690033 -1.446281314
-5.638999939 15.71289063 -1.493282795
-5.638999939 15.55619812 -1.508146286
-5.638999939 15.43148041 -1.489265919
-5.638999462 16.08839607 -1.236174941
-5.638999939 16.11654663 -1.135207534
-5.638999462 15.99696636 -1.349709034
// Undo: 
26
-5.839000702 15.16234207 -1.206002712
-5.839000225 15.17378998 -1.086425304
-5.839000225 15.21099663 -0.968072772
-5.839000225 15.27302361 -0.8773341179
-5.838999748 15.34663868 -0.807618618
-5.839000702 15.34407997 -1.437177181
-5.839000225 15.27990818 -1.413949013
-5.838999748 15.23394966 -1.37617147
-5.839000225 15.18820477 -1.302012205
-5.839000225 15.66287422 -0.7042843699
-5.839000225 15.75570393 -0.6957907677
-5.839000702 15.84873772 -0.7101320028
-5.839000225 15.94503307 -0.773679018
-5.839000225 16.02589989 -0.8603110313
-5.839000225 15.41456223 -0.7657814026
-5.839000225 15.48750591 -0.7396391034
-5.839000702 16.06919479 -0.9544736147
-5.839000225 16.08896828 -1.053272367
-5.839000225 15.57234383 -0.7172241807
-5.839000225 15.86956406 -1.454122543
-5.839000225 15.716362 -1.489186764
-5.839000225 15.56191444 -1.490996361
-5.839000225 15.44063187 -1.470250368
-5.839000225 16.07604599 -1.240133882
-5.839000225 16.09936714 -1.145335793
-5.838999748 15.99119568 -1.356475949
// Undo: 
26
-6.039000511 15.23319149 -0.9755132198
-6.039000034 15.20074081 -1.085354328
-6.039000034 15.1923914 -1.195935965
-6.039000034 15.3625145 -0.8209592104
-6.039000034 15.29154205 -0.8889373541
-6.039000034 15.25735664 -1.356068134
-6.039000034 15.29887009 -1.395019531
-6.039000034 15.35898399 -1.420773983
-6.039000034 15.21595192 -1.285648823
-6.039000034 15.84817123 -0.740460217
-6.039000034 15.7603302 -0.718680501
-6.039000034 15.67225266 -0.7185938358
-6.039000034 16.01225853 -0.8829562664
-6.039000034 15.9377861 -0.8015960455
-6.038999557 15.50573349 -0.7496273518
-6.039000034 15.43175125 -0.7776287794
-6.039000511 16.06764221 -1.065688252
-6.039000034 16.05051041 -0.9723572731
-6.039000034 15.5867939 -0.7284523249
-6.039000034 15.5740509 -1.475087762
-6.039000034 15.72280407 -1.478980064
-6.039000034 15.86920738 -1.449960828
-6.039000034 15.45440483 -1.453677297
-6.039000034 16.08130836 -1.150798202
-6.038999557 16.06358337 -1.239295721
-6.039000034 15.98452568 -1.353807688
// Undo: 
26
-6.238999844 15.22511768 -1.179358482
-6.238999844 15.23051643 -1.083059907
-6.238999844 15.25792789 -0.9872937799
-6.238999844 15.31270409 -0.9057940841
-6.23900032 15.38111496 -0.8389716744
-6.238999844 15.37534046 -1.404481649
-6.238999844 15.31837368 -1.374183536
-6.238999367 15.28099823 -1.331791282
-6.23900032 15.24511719 -1.262859821
-6.238999844 15.68177509 -0.7398995161
-6.238999844 15.76435184 -0.7484847903
-6.238999844 15.84654045 -0.7767901421
-6.23900032 15.92987919 -0.8349805474
-6.238999844 15.99847603 -0.9095863104
-6.238999844 15.4513998 -0.794293344
-6.238999844 15.52588177 -0.7648133636
-6.238999844 16.03151894 -0.9909958243
-6.238999844 16.04611778 -1.075870991
-6.238999844 15.60234451 -0.7457540631
-6.238999844 15.86870193 -1.438600779
-6.238999844 15.73115063 -1.465022564
-6.238999367 15.58993721 -1.459627986
-6.238999844 15.47113609 -1.438171864
-6.238999844 16.05167389 -1.23578918
-6.238999844 16.06348038 -1.153656483
-6.238999844 15.97785568 -1.345682263
// Undo: 
26
-6.43900013 15.26148891 -1.162118316
-6.43900013 15.26389694 -1.081386685
-6.43900013 15.28637218 -1.001011014
-6.43900013 15.33601856 -0.9255312681
-6.43900013 15.4004488 -0.8608207107
-6.43900013 15.39519787 -1.387341738
-6.43900013 15.34123039 -1.352152824
-6.43900013 15.30791664 -1.306005955
-6.43900013 15.2776947 -1.238982558
-6.43900013 15.68927479 -0.7666317821
-6.43900013 15.76769829 -0.7814373374
-6.43900013 15.84572506 -0.8140091896
-6.43900013 15.92324829 -0.8689634204
-6.43900013 15.98642921 -0.9365423322
-6.43900013 15.47049332 -0.8157795072
-6.43900013 15.54432201 -0.785799861
-6.43900013 16.01521301 -1.009144187
-6.43900013 16.02809906 -1.084746718
-6.43900013 15.61596012 -0.7686597109
-6.43900013 15.86968613 -1.421913505
-6.43900013 15.7413826 -1.447973847
-6.43900013 15.60816097 -1.443295121
-6.43900013 15.49074841 -1.421797872
-6.43900013 16.04267311 -1.231103182
-6.43900013 16.04883003 -1.155272961
-6.43900013 15.97335052 -1.334293485
// Undo: 
26
-6.638999939 15.31962299 -1.011370182
-6.638999939 15.30206966 -1.083744526
-6.638999939 15.30204201 -1.156087399
-6.638999939 15.41621304 -0.8836773634
-6.638999939 15.36046791 -0.9427155256
-6.638999939 15.34328461 -1.284710765
-6.638999939 15.37230492 -1.330404997
-6.638999939 15.42160988 -1.367132545
-6.638999939 15.31664276 -1.224471092
-6.638999939 15.84785271 -0.8391854167
-6.638999939 15.76923084 -0.8076680899
-6.638999939 15.69021416 -0.7931655049
-6.638999939 15.98112297 -0.9552779198
-6.638999939 15.92179966 -0.8912226558
-6.638999939 15.55370426 -0.8128722906
-6.638999939 15.48246193 -0.8414927721
-6.638999939 16.02037621 -1.095147848
-6.638999939 16.00804138 -1.024054408
-6.638999939 15.62064457 -0.7958161831
-6.638999939 15.62629509 -1.42413187
-6.638999939 15.75322151 -1.429108262
-6.638999939 15.87528229 -1.404843569
-6.638999939 15.51319885 -1.401958227
-6.638999939 16.0428772 -1.159627438
-6.638999939 16.0396328 -1.228720903
-6.638999939 15.97423172 -1.324032784
// Undo: 
26
-6.839000702 15.34413338 -1.156759501
-6.839000225 15.3420639 -1.088789582
-6.839000225 15.35467625 -1.020172715
-6.839000225 15.38510036 -0.9586454034
-6.839000225 15.43004417 -0.9069564342
-6.839000225 15.45102882 -1.3462919
-6.839000225 15.40712452 -1.309722662
-6.839000225 15.38240051 -1.266622305
-6.839000225 15.35825634 -1.215637207
-6.839000225 15.68811607 -0.8195892572
-6.839000225 15.77017117 -0.8302135468
-6.839000225 15.85175896 -0.8578256965
-6.839000225 15.92329502 -0.9072559476
-6.839000225 15.97955227 -0.9695254564
-6.839000225 15.49058151 -0.8693289161
-6.838999748 15.55811214 -0.8430683017
-6.839000702 16.00597382 -1.036963701
-6.839000225 16.01861572 -1.10591054
-6.839000225 15.62075806 -0.8251518011
-6.839000225 15.8833046 -1.388338327
-6.839000225 15.76572227 -1.410068035
-6.839000225 15.6439724 -1.4042449
-6.839000225 15.53672791 -1.381184816
-6.839000225 16.04026604 -1.227580428
-6.839000225 16.04201126 -1.165166974
-6.839000702 15.97819996 -1.314739943
// Undo: 
26
-7.039000511 15.38383198 -1.164852858
-7.039000034 15.37935066 -1.097869277
-7.038999557 15.38652039 -1.029546857
-7.039000034 15.4076004 -0.9746421576
-7.039000034 15.44295979 -0.9297988415
-7.039000034 15.47978973 -1.329947114
-7.039000034 15.44090176 -1.294069529
-7.039000034 15.41981125 -1.254238367
-7.039000511 15.39787865 -1.213349104
-7.039000034 15.68734169 -0.8459512591
-7.039000511 15.7727499 -0.8506206274
-7.039000034 15.8576746 -0.8722630143
-7.039000034 15.92757607 -0.9192447662
-7.039000034 15.98143482 -0.979916811
-7.038999557 15.49686813 -0.897359252
-7.039000034 15.5597496 -0.8739305735
-7.039000034 16.00896072 -1.047079086
-7.039000034 16.02365112 -1.114896178
-7.039000034 15.62015438 -0.8548457026
-7.038999557 15.89290237 -1.375557184
-7.039000034 15.77779293 -1.394542694
-7.039000034 15.65937328 -1.387742281
-7.038999557 15.55875015 -1.364325404
-7.039000034 16.04542351 -1.227268934
-7.039000034 16.04672241 -1.170267582
-7.039000034 15.98515606 -1.307698488
// Undo: 
26
-7.238999844 15.45708656 -0.9490204453
-7.238999844 15.42318726 -0.99064219
-7.238999844 15.40395927 -1.042987943
-7.23900032 15.40231323 -1.112726927
-7.238999844 15.41194057 -1.179499865
-7.238999367 15.42445183 -1.219271183
-7.238999367 15.44308281 -1.251446486
-7.23900032 15.46215248 -1.290915251
-7.238999367 15.49873734 -1.327822566
-7.238999844 15.86707211 -0.8887255788
-7.238999844 15.78529358 -0.871684432
-7.238999844 15.70160484 -0.8703862429
-7.238999844 15.98448467 -0.9891494513
-7.238999367 15.93305969 -0.9321894646
-7.23900032 15.56514168 -0.8974421024
-7.23900032 15.5060482 -0.9187442064
-7.23900032 16.03292084 -1.118684173
-7.23900032 16.0149231 -1.05318749
-7.238999367 16.05632401 -1.171519756
-7.238999844 16.05404282 -1.227302194
-7.238999844 15.63031769 -0.8793948889
-7.23900032 15.99331665 -1.307288289
-7.238999844 15.90082932 -1.374379873
-7.238999844 15.78579712 -1.391225576
-7.238999844 15.66877747 -1.382385254
-7.238999844 15.57277584 -1.360463619
// Undo: 
26
-7.43900013 15.40449715 -1.061097383
-7.43900013 15.43076038 -1.006773949
-7.43900013 15.47232342 -0.9641529322
-7.43900013 15.42663193 -1.203766346
-7.43900013 15.4095974 -1.135031343
-7.43900013 15.45042133 -1.260997772
-7.43900013 15.43634033 -1.236215472
-7.439000607 15.50680161 -1.342652321
-7.43900013 15.46979141 -1.302583933
-7.43900013 15.72214127 -0.8922400475
-7.43900013 15.80146217 -0.8920810223
-7.43900013 15.87674332 -0.905775547
-7.43900013 15.93920708 -0.9443616271
-7.43900013 15.98986816 -0.9958887696
-7.43900013 15.5173378 -0.9340667725
-7.43900013 15.57361984 -0.9138339758
-7.43900013 16.02558136 -1.054535151
-7.43900013 16.04915619 -1.116162419
-7.43900013 16.07242203 -1.169081688
-7.43900013 16.06784439 -1.227491856
-7.43900013 15.64558029 -0.8989545703
-7.43900013 16.00360298 -1.31399262
-7.43900013 15.90745163 -1.386702061
-7.43900013 15.78933811 -1.401594162
-7.43900013 15.67089272 -1.390267611
-7.43900013 15.57761955 -1.371825099
// Undo: 
34
-7.638999939 15.39540577 -1.139036179
-7.638999939 15.38936806 -1.070848942
-7.638999939 15.42390251 -1.011515379
-7.639000416 15.47383785 -0.9647009373
-7.638999939 15.46449471 -1.320775509
-7.638999939 15.44016266 -1.276240587
-7.638999939 15.42596912 -1.243694544
-7.638999939 15.98851013 -0.9907330871
-7.638999939 15.93217754 -0.9534809589
-7.638999939 15.86578178 -0.9292951822
-7.638999939 15.75073624 -0.9100494385
-7.638999939 15.79304981 -0.9134348035
-7.638999939 15.52266407 -0.9403419495
-7.638999939 15.57821274 -0.926515758
-7.638999939 16.03756523 -1.049275517
-7.638999939 16.07087517 -1.114719272
-7.638999939 16.05800247 -1.089498997
-7.638999939 16.08274078 -1.170991421
-7.638999939 16.07142258 -1.232705832
-7.638999939 15.64412308 -0.9127345681
-7.638999939 15.99603558 -1.332775235
-7.638999939 15.8976326 -1.390781999
-7.638999939 15.74615288 -1.403168082
-7.638999939 15.65975952 -1.39491272
-7.638999939 15.59821129 -1.392032862
-7.638999939 15.55185127 -1.382737398
-7.638999939 15.89627075 -1.391299963
-7.638999939 15.54609013 -1.381133795
-7.638999939 15.41609955 -1.203784227
-7.638999939 15.49908733 -1.361394405
-7.638999939 15.71866703 -0.9067918658
-7.638999939 15.83174515 -1.398493409
-7.638999939 15.83793831 -1.398627162
-7.638999939 15.50691795 -1.36581254
// Undo: 