0.000000e+000
0.000000e+000
0.000000e+000
0.000000e+000
0.000000e+000
0.000000e+000
0.000000e+000
0.000000e+000
0.000000e+000
0.000000e+000
0.000000e+000
0.000000e+000
0.000000e+000
0.000000e+000
0.000000e+000
4.374749e-001
4.064876e-001
3.503324e-001
2.923805e-001
2.447543e-001
2.130012e-001
1.995184e-001
2.055675e-001
2.322381e-001
2.806054e-001
3.510855e-001
4.417278e-001
5.449012e-001
6.416941e-001
6.942138e-001
7.890184e-001
7.283730e-001
6.258133e-001
5.223092e-001
4.379816e-001
3.819792e-001
3.583220e-001
3.691913e-001
4.164958e-001
5.021186e-001
6.268505e-001
7.875918e-001
9.719226e-001
1.148525e+000
1.250930e+000
9.857200e-001
9.076751e-001
7.782846e-001
6.491540e-001
5.446033e-001
4.753867e-001
4.461680e-001
4.595142e-001
5.177497e-001
6.232480e-001
7.771799e-001
9.762015e-001
1.205858e+000
1.428329e+000
1.559884e+000
9.893390e-001
9.101903e-001
7.797319e-001
6.501511e-001
5.455542e-001
4.763601e-001
4.469995e-001
4.599222e-001
5.174239e-001
6.219353e-001
7.748129e-001
9.730907e-001
1.202865e+000
1.426680e+000
1.559884e+000
7.998801e-001
7.359184e-001
6.306006e-001
5.261003e-001
4.417408e-001
3.857673e-001
3.616406e-001
3.712823e-001
4.165398e-001
4.994208e-001
6.211398e-001
7.795224e-001
9.636543e-001
1.143571e+000
1.250930e+000
4.555932e-001
4.198229e-001
3.607730e-001
3.019833e-001
2.542284e-001
2.221007e-001
2.075371e-001
2.116329e-001
2.354583e-001
2.801895e-001
3.465829e-001
4.335332e-001
5.350841e-001
6.346510e-001
6.942141e-001
2.539832e-002
2.501636e-002
2.397611e-002
2.238484e-002
2.035118e-002
1.798488e-002
1.539651e-002
1.269707e-002
9.997806e-003
7.409932e-003
5.044408e-003
3.011680e-003
1.421360e-003
3.819000e-004
3.028026e-007
-4.047639e-001
-3.697580e-001
-3.127898e-001
-2.571847e-001
-2.134999e-001
-1.861078e-001
-1.767242e-001
-1.862224e-001
-2.154498e-001
-2.653601e-001
-3.364876e-001
-4.275060e-001
-5.322396e-001
-6.338868e-001
-6.942135e-001
-7.489526e-001
-6.857566e-001
-5.825245e-001
-4.812150e-001
-4.009336e-001
-3.497050e-001
-3.307684e-001
-3.458227e-001
-3.964924e-001
-4.845626e-001
-6.110250e-001
-7.734838e-001
-9.608047e-001
-1.142806e+000
-1.250930e+000
-9.382476e-001
-8.598668e-001
-7.315005e-001
-6.051210e-001
-5.046157e-001
-4.401821e-001
-4.160282e-001
-4.343806e-001
-4.973118e-001
-6.070289e-001
-7.646655e-001
-9.670332e-001
-1.200007e+000
-1.425912e+000
-1.559884e+000
-9.343990e-001
-8.571243e-001
-7.298348e-001
-6.039205e-001
-5.034807e-001
-4.390466e-001
-4.150580e-001
-4.338578e-001
-4.975467e-001
-6.082740e-001
-7.669869e-001
-9.701178e-001
-1.202988e+000
-1.427559e+000
-1.559884e+000
-7.374016e-001
-6.775281e-001
-5.770811e-001
-4.768133e-001
-3.966222e-001
-3.454307e-001
-3.270335e-001
-3.433871e-001
-3.961753e-001
-4.870572e-001
-6.165986e-001
-7.814747e-001
-9.690401e-001
-1.147753e+000
-1.250930e+000
-3.854956e-001
-3.552799e-001
-3.012527e-001
-2.465631e-001
-2.031051e-001
-1.761978e-001
-1.680116e-001
-1.795820e-001
-2.117737e-001
-2.654365e-001
-3.407610e-001
-4.355698e-001
-5.420039e-001
-6.409234e-001
-6.942141e-001
5.240877e-002
5.163948e-002
4.949038e-002
4.619707e-002
4.199211e-002
3.710563e-002
3.176595e-002
2.620016e-002
2.063469e-002
1.529597e-002
1.041094e-002
6.207703e-003
2.916115e-003
7.683701e-004
-3.737461e-007
1.200000e+000
1.128211e+000
9.845744e-001
8.336919e-001
7.054945e-001
6.129109e-001
5.615028e-001
5.545055e-001
5.951341e-001
6.869955e-001
8.326663e-001
1.029732e+000
1.262584e+000
1.486748e+000
1.600000e+000
1.101775e+000
1.032146e+000
9.041093e-001
7.687872e-001
6.525615e-001
5.675565e-001
5.192287e-001
5.107726e-001
5.452195e-001
6.258076e-001
7.546496e-001
9.291026e-001
1.134581e+000
1.332196e+000
1.441550e+000
8.267213e-001
7.758552e-001
6.854672e-001
5.890788e-001
5.043087e-001
4.398403e-001
3.999746e-001
3.873891e-001
4.045077e-001
4.537299e-001
5.365029e-001
6.509050e-001
7.871193e-001
9.199954e-001
9.975837e-001
4.298161e-001
4.100866e-001
3.734908e-001
3.316089e-001
2.910020e-001
2.555231e-001
2.275777e-001
2.089156e-001
2.010477e-001
2.052987e-001
2.224679e-001
2.520396e-001
2.908499e-001
3.310018e-001
3.560337e-001
-9.490873e-003
6.734145e-003
3.006817e-002
4.808499e-002
5.579875e-002
5.197886e-002
3.693946e-002
1.135837e-002
-2.426388e-002
-6.972258e-002
-1.248282e-001
-1.885400e-001
-2.570834e-001
-3.203786e-001
-3.560331e-001
-4.030073e-001
-3.539346e-001
-2.764036e-001
-2.046074e-001
-1.537201e-001
-1.293950e-001
-1.331442e-001
-1.652382e-001
-2.260646e-001
-3.163895e-001
-4.365465e-001
-5.841534e-001
-7.494269e-001
-9.064431e-001
-9.975831e-001
-6.712564e-001
-5.993148e-001
-4.841942e-001
-3.752825e-001
-2.947845e-001
-2.513612e-001
-2.477438e-001
-2.848224e-001
-3.635632e-001
-4.853686e-001
-6.509121e-001
-8.568966e-001
-1.089443e+000
-1.311715e+000
-1.441550e+000
-7.592056e-001
-6.790385e-001
-5.504804e-001
-4.284769e-001
-3.377981e-001
-2.881704e-001
-2.827162e-001
-3.224871e-001
-4.085925e-001
-5.426017e-001
-7.252554e-001
-9.528846e-001
-1.210110e+000
-1.456150e+000
-1.599999e+000
-6.471512e-001
-5.750366e-001
-4.598775e-001
-3.514595e-001
-2.721662e-001
-2.306426e-001
-2.294864e-001
-2.694039e-001
-3.511687e-001
-4.760000e-001
-6.444014e-001
-8.529161e-001
-1.087508e+000
-1.311170e+000
-1.441550e+000
-3.546026e-001
-3.051205e-001
-2.274961e-001
-1.567635e-001
-1.084140e-001
-8.801619e-002
-9.678188e-002
-1.346040e-001
-2.014889e-001
-2.978457e-001
-4.236793e-001
-5.762976e-001
-7.456113e-001
-9.053716e-001
-9.975835e-001
6.360378e-002
8.061029e-002
1.040804e-001
1.202556e-001
1.238121e-001
1.137840e-001
9.100522e-002
5.673205e-002
1.201949e-002
-4.241990e-002
-1.059302e-001
-1.770295e-001
-2.515058e-001
-3.188158e-001
-3.560335e-001
5.281900e-001
5.098210e-001
4.732313e-001
4.282729e-001
3.814120e-001
3.370963e-001
2.985063e-001
2.681494e-001
2.482238e-001
2.406745e-001
2.468736e-001
2.668541e-001
2.980009e-001
3.329958e-001
3.560333e-001
9.511676e-001
9.023980e-001
8.112416e-001
7.097030e-001
6.159604e-001
5.397082e-001
4.862241e-001
4.590404e-001
4.613322e-001
4.961814e-001
5.656798e-001
6.685381e-001
7.955811e-001
9.223325e-001
9.975834e-001
1.253297e+000
1.185856e+000
1.054662e+000
9.110146e-001
7.826674e-001
6.829498e-001
6.182896e-001
5.927048e-001
6.099687e-001
6.740220e-001
7.876678e-001
9.489606e-001
1.144036e+000
1.334763e+000
1.441550e+000
1.379820e+000
1.305257e+000
1.153982e+000
9.915496e-001
8.487727e-001
7.394021e-001
6.697764e-001
6.438767e-001
6.656458e-001
7.394133e-001
8.684862e-001
1.051201e+000
1.272734e+000
1.489443e+000
1.600000e+000
1.721403e+000
1.636537e+000
1.556163e+000
1.479893e+000
1.407334e+000
1.338097e+000
1.271792e+000
1.208026e+000
1.146411e+000
1.086555e+000
1.028068e+000
9.705597e-001
9.136392e-001
8.569161e-001
8.000000e-001
1.721403e+000
1.636555e+000
1.556180e+000
1.479906e+000
1.407343e+000
1.338103e+000
1.271794e+000
1.208026e+000
1.146408e+000
1.086549e+000
1.028059e+000
9.705469e-001
9.136224e-001
8.568981e-001
8.000000e-001
1.721403e+000
1.636569e+000
1.556201e+000
1.479925e+000
1.407359e+000
1.338114e+000
1.271800e+000
1.208026e+000
1.146403e+000
1.086538e+000
1.028043e+000
9.705272e-001
9.136018e-001
8.568836e-001
8.000000e-001
1.721403e+000
1.636578e+000
1.556217e+000
1.479943e+000
1.407375e+000
1.338125e+000
1.271806e+000
1.208026e+000
1.146397e+000
1.086527e+000
1.028028e+000
9.705095e-001
9.135862e-001
8.568750e-001
8.000000e-001
1.721403e+000
1.636582e+000
1.556227e+000
1.479956e+000
1.407387e+000
1.338135e+000
1.271811e+000
1.208026e+000
1.146392e+000
1.086518e+000
1.028015e+000
9.704965e-001
9.135759e-001
8.568704e-001
8.000000e-001
1.721403e+000
1.636585e+000
1.556233e+000
1.479964e+000
1.407396e+000
1.338142e+000
1.271814e+000
1.208026e+000
1.146388e+000
1.086511e+000
1.028007e+000
9.704881e-001
9.135698e-001
8.568679e-001
8.000000e-001
1.721403e+000
1.636586e+000
1.556236e+000
1.479969e+000
1.407401e+000
1.338146e+000
1.271817e+000
1.208026e+000
1.146386e+000
1.086507e+000
1.028002e+000
9.704835e-001
9.135666e-001
8.568667e-001
8.000000e-001
1.721403e+000
1.636586e+000
1.556237e+000
1.479971e+000
1.407402e+000
1.338147e+000
1.271817e+000
1.208026e+000
1.146385e+000
1.086506e+000
1.028000e+000
9.704820e-001
9.135656e-001
8.568664e-001
8.000000e-001
1.721403e+000
1.636586e+000
1.55