10
62
  0.6211385727  92.93599701  1.184626818
  0.6019430161  92.93599701  1.316671968
  0.585146904  92.93599701  1.438945055
  0.4999990463  92.93599701  1.817881346
  0.4999990463  92.93599701  4.048679829
  0.5596151352  92.93599701  4.418378353
  0.6240663528  92.93599701  5.03189373
  1.102456093  92.93599701  6.46444273
  1.305096626  92.93599701  7.264950275
  1.696349144  92.93599701  8.050928116
  2.216046333  92.93599701  9.341222763
  2.797324181  92.93599701  10.27868557
  3.159383774  92.93599701  10.85043335
  3.31415081  92.93599701  10.94985676
  4.722556114  92.93599701  11.60805798
  5.236219406  92.93599701  11.81840897
  6.511484146  92.93599701  12.30914879
  7.184782028  92.93599701  12.57823849
  8.113736153  92.93599701  12.82645512
  9.113554001  92.93599701  12.91622543
  9.982437134  92.93599701  12.99156189
  10.59195614  92.93599701  13.12766933
  11.03122616  92.93599701  13.1680584
  11.59434795  92.93599701  13.2370882
  11.88983727  92.93599701  13.23171139
  12.70217037  92.93599701  13.25296688
  13.04937744  92.93599701  13.13258362
  13.7461195  92.93599701  12.91475964
  14.42996597  92.93599701  12.59889221
  15.66004753  92.93599701  12.06129932
  16.31568718  92.93599701  11.51994228
  17.65055466  92.93599701  10.3334589
  18.20244789  92.93599701  9.567737579
  19.23931694  92.93599701  8.10813427
  19.71738434  92.93599701  6.596490383
  20.13812637  92.93599701  5.335031033
  20.07281303  92.93599701  4.159307003
  19.78882599  92.93599701  1.84747684
  19.672966  92.93599701  1.598963976
  19.29547119  92.93599701  0.8559724092
  18.37548256  92.93599701  -0.9604240656
  18.01506233  92.93599701  -1.630259156
  17.06904221  92.93599701  -2.963610411
  16.61456871  92.93599701  -3.854499102
  15.29835224  92.93599701  -5.8131814
  14.91488075  92.93599701  -6.343243122
  14.45828533  92.93599701  -6.885722637
  12.87685871  92.93599701  -8.533268929
  11.88047314  92.93599701  -9.046722412
  10.57335377  92.93599701  -9.724211693
  9.528102875  92.93599701  -9.803044319
  8.592214584  92.93599701  -9.758786201
  7.497061729  92.93599701  -9.594449997
  6.702953339  92.93599701  -9.31504631
  5.523055077  92.93599701  -9.082406998
  4.802456856  92.93599701  -8.750365257
  3.541183472  92.93599701  -8.13184166
  2.769888878  92.93599701  -7.487996101
  2.185050011  92.93599701  -6.101584435
  1.534682274  92.93599701  -4.38961935
  1.31585598  92.93599701  -2.917794228
  1.032832146  92.93599701  -0.5572692156
64
  3.843102455  82.93600464  -0.5801887512
  3.445786476  82.93600464  0.1554663032
  2.993927956  82.93600464  1.030404925
  2.55405426  82.93600464  2.101828575
  2.339468002  82.93600464  2.667803764
  1.975139737  82.93600464  4.150483608
  1.944028974  82.93600464  4.290914059
  1.942896008  82.93600464  4.384605885
  1.965475202  82.93600464  4.873506069
  2.003463984  82.93600464  5.677874088
  2.018945932  82.93600464  5.82205534
  2.072325945  82.93600464  6.020134449
  2.361294746  82.93600464  7.215642452
  2.418787003  82.93600464  7.496480465
  2.642765045  82.93600464  8.283112526
  2.849541664  82.93600464  8.624485016
  3.221893311  82.93600464  9.21257782
  3.990483284  82.93600464  9.907546997
  4.543961525  82.93600464  10.3536644
  5.761689663  82.93600464  11.247015
  6.072849751  82.93600464  11.44051266
  7.136070728  82.93600464  11.88291073
  7.210873127  82.93600464  11.91227722
  7.665829182  82.93600464  12.06102085
  8.373632431  82.93600464  12.29839993
  8.554862976  82.93600464  12.43951511
  9.941922188  82.93600464  13.41152
  11.01716614  82.93600464  13.95129013
  11.83696461  82.93600464  14.38502407
  12.2841959  82.93600464  14.35277653
  13.55108356  82.93600464  14.27714825
  13.79814911  82.93600464  14.17356968
  15.00537109  82.93600464  13.57549858
  15.22988796  82.93600464  13.47106743
  16.66800117  82.93599701  12.79231834
  16.99261856  82.93599701  12.43608856
  18.19010735  82.93599701  11.05729198
  19.45198822  82.93599701  9.138391495
  20.07928085  82.93599701  7.102013588
  20.18508339  82.93599701  6.763790131
  20.20234871  82.93599701  6.592234135
  20.23414993  82.93599701  6.09466362
  20.41919327  82.93599701  3.715291023
  19.70557404  82.93599701  1.890640974
  19.10739708  82.93599701  0.3895318508
  18.89299011  82.93599701  -0.03391874954
  18.11891747  82.93599701  -1.320951819
  17.89626694  82.93599701  -1.683668256
  16.73744392  82.93599701  -2.808731318
  16.27993011  82.93599701  -3.210089445
  15.32540894  82.93600464  -3.966416597
  14.46696186  82.93600464  -4.602732658
  13.78106403  82.93600464  -4.898539543
  12.45218563  82.93600464  -5.430347919
  12.04241467  82.93600464  -5.417242527
  10.0557642  82.93600464  -5.361420631
  8.221234322  82.93600464  -4.82908535
  7.808438778  82.93600464  -4.70861721
  7.791129589  82.93600464  -4.703817844
  7.70032835  82.93600464  -4.640690327
  6.180421352  82.93600464  -3.568771124
  5.261559486  82.93600464  -2.522144556
  4.924911499  82.93600464  -2.117438078
  4.543819427  82.93600464  -1.586523533
66
  4.760611534  72.93600464  3.468531609
  4.55507946  72.93600464  4.419460297
  4.424715996  72.93600464  4.917442322
  4.311624527  72.93600464  5.550125122
  4.355593681  72.93600464  6.194003105
  4.420669556  72.93600464  6.662799358
  4.890208244  72.93600464  7.956142902
  5.030861855  72.93600464  8.207612038
  5.924440384  72.93600464  9.290679932
  6.338233948  72.93600464  9.811618805
  6.348848343  72.93600464  9.848808289
  6.411565781  72.93600464  9.961731911
  7.054534912  72.93600464  11.04627609
  7.323266029  72.93600464  11.3510046
  7.874770164  72.93600464  11.98411942
  8.522453308  72.93600464  12.40969372
  9.166695595  72.93600464  12.83805656
  10.16685772  72.93600464  13.18578339
  10.50504684  72.93600464  13.28361893
  11.09909344  72.93600464  13.49075603
  11.8678503  72.93600464  13.97521973
  11.9945488  72.93600464  14.07391071
  12.10840511  72.93600464  14.11184978
  12.41589165  72.93600464  14.18970776
  13.07736015  72.93600464  14.3527813
  13.16901684  72.93600464  14.37517452
  13.26122189  72.93600464  14.36246586
  13.87734509  72.93600464  14.22115326
  13.98764133  72.93600464  14.18235874
  14.50566769  72.93600464  13.95230007
  15.04561234  72.93600464  13.88500881
  16.57334137  72.93600464  13.598423
  16.83827591  72.93600464  13.42905712
  18.21640778  72.93600464  12.38265705
  18.58922577  72.93600464  11.70727158
  19.35096741  72.93600464  10.33856201
  19.54132843  72.93600464  9.743574142
  20.03794861  72.93600464  7.976752281
  20.06221008  72.93600464  7.10062027
  20.045578  72.93600464  5.625612259
  19.93615723  72.93600464  5.269600391
  19.44874191  72.93600464  3.987734795
  19.21658325  72.93600464  3.381618261
  19.13845062  72.93600464  3.193068743
  18.44150543  72.93600464  1.372009993
  17.78445053  72.93600464  0.3623671234
  17.3058815  72.93600464  -0.2980417311
  16.53137589  72.93600464  -0.9190188646
  15.64634228  72.93600464  -1.644951701
  14.96086597  72.93600464  -1.972171664
  13.70870876  72.93600464  -2.577877998
  13.22317982  72.93600464  -2.688388824
  11.57532883  72.93600464  -2.991061211
  11.37073803  72.93600464  -2.984437943
  9.594597816  72.93600464  -2.846448421
  9.517879486  72.93600464  -2.84080267
  9.507739067  72.93600464  -2.839543819
  7.92825985  72.93600464  -1.946372509
  7.899391174  72.93600464  -1.927901268
  7.340725899  72.93600464  -1.380023241
  6.658549309  72.93600464  -0.714109838
  5.876335144  72.93600464  0.3491920531
  5.831447601  72.93600464  0.4554955065
  5.350136757  72.93600464  1.510225773
  5.261561394  72.93600464  1.806810617
  4.863975525  72.93600464  2.948438883
64
  16.65071487  62.93600082  12.65523243
  17.52571678  62.93600082  12.21162415
  18.37788582  62.93600082  10.76307583
  18.46851921  62.93600082  10.60511208
  18.49372292  62.93600082  10.55739498
  18.99661636  62.93600082  9.092365265
  19.12716484  62.93600082  8.623817444
  19.2418251  62.93600082  7.632228374
  19.25914001  62.93600082  6.991397858
  19.14553261  62.93600082  6.183526516
  18.97337341  62.93600082  5.302307606
  18.39042664  62.93600082  3.171009064
  17.5666275  62.93600082  1.572621584
  17.45679092  62.93600082  1.363110781
  17.41047478  62.93600082  1.338226318
  16.02083969  62.93600082  0.6977643371
  15.74119473  62.93600082  0.6307118535
  14.3558569  62.93600082  0.3951303065
  13.86155796  62.93600082  0.2310039997
  12.65195084  62.93600082  -0.1766145676
  11.74132252  62.93600082  -0.3334985673
  10.94428158  62.93600082  -0.4461880922
  10.15045261  62.93600082  -0.2177697718
  9.32231617  62.93600082  0.04136520624
  8.630688667  62.93600082  0.4567846358
  7.958135605  62.93600082  0.8867609501
  7.470621109  62.93600082  1.396462202
  7.09926033  62.93600082  1.845606446
  6.746092796  62.93600082  2.484220505
  6.530241966  62.93600082  2.936798096
  6.265779495  62.93600082  3.710121155
  6.120625496  62.93600082  4.123889923
  6.060492516  62.93600082  4.440092087
  5.949290276  62.93600082  5.33495903
  5.906954765  62.93600082  5.548941612
  6.020463943  62.93600082  6.294391155
  6.065534592  62.93600082  6.546524048
  6.437642097  62.93600082  7.57148838
  6.503100395  62.93600082  7.75587225
  6.677472115  62.93600082  8.495588303
  6.69656086  62.93600082  8.551185608
  6.851019859  62.93600082  9.505400658
  6.854322433  62.93600082  9.515439034
  6.903791428  62.93600082  9.690832138
  7.2252388  62.93600082  10.76277351
  7.264525414  62.93600082  10.86971474
  8.053119659  62.93600082  11.88586617
  8.181004524  62.93600082  12.04333878
  9.072687149  62.93600082  12.69015408
  9.337861061  62.93600082  12.83981419
  10.33054066  62.93600082  13.30615616
  10.80877209  62.93600082  13.45887184
  11.49716473  62.93600082  13.56224346
  12.17719364  62.93600082  13.59604645
  12.86081409  62.93600082  13.41427612
  13.27131748  62.93600082  13.5577755
  13.4418335  62.93600082  13.59339142
  13.5729475  62.93600082  13.60260582
  14.1422224  62.93600082  13.54598713
  14.16567707  62.93600082  13.54525566
  14.97611237  62.93600082  13.36290169
  14.99206924  62.93600082  13.35983753
  15.91975117  62.93600082  12.93063354
  16.07754517  62.93600082  12.92272377
54
  8.049280167  52.93600082  4.743949413
  8.052418709  52.93600082  5.714228153
  8.060351372  52.93600082  5.911160946
  8.210191727  52.93600082  7.086637974
  8.213742256  52.93600082  7.134796619
  8.223045349  52.93600082  7.173313618
  8.297053337  52.93600082  7.392792702
  8.559950829  52.93600082  8.215687752
  8.616424561  52.93600082  8.351693153
  9.089975357  52.93600082  9.171918869
  9.270661354  52.93600082  9.448170662
  9.582518578  52.93600082  9.808628082
  10.20753098  52.93600082  10.52605247
  11.14629173  52.93600082  11.52973938
  11.57606125  52.93600082  11.93751812
  12.5505619  52.93600082  12.83071136
  12.91202354  52.93600082  13.14450741
  12.98208809  52.93600082  13.18204498
  13.71881199  52.93600464  13.42899418
  13.93263817  52.93600464  13.45284653
  14.76471519  52.93600464  13.3447094
  15.18567467  52.93600464  13.20465279
  16.59342957  52.93600464  12.64297581
  16.83879089  52.93600464  12.2946558
  17.68589401  52.93600464  10.77184582
  17.77858353  52.93600464  10.62367058
  18.19952583  52.93600464  9.832914352
  18.40989876  52.93600464  8.846386909
  18.42929268  52.93600464  8.775938034
  18.89841652  52.93600464  7.018226147
  18.9053421  52.93600464  6.990161896
  18.97543335  52.93600464  6.420605659
  19.1336689  52.93600464  5.13858366
  19.11211014  52.93600464  5.067766666
  18.73526764  52.93600464  3.737531424
  18.59535408  52.93600464  3.551454544
  17.82678032  52.93600464  2.572001696
  16.81554985  52.93600464  1.936386466
  16.27779961  52.93600464  1.629515052
  15.32908154  52.93600464  1.344393849
  14.5229969  52.93600464  1.074723601
  13.30951595  52.93600464  0.9641572833
  12.90219784  52.93600082  0.9537939429
  11.60454941  52.93600082  1.121562719
  11.47444534  52.93600082  1.151849151
  10.80083275  52.93600082  1.566937923
  10.48696518  52.93600082  1.756472826
  10.46208477  52.93600082  1.780965567
  9.715522766  52.93600082  2.502515078
  9.60870266  52.93600082  2.577869654
  8.915745735  52.93600082  3.052637577
  8.428152084  52.93600082  3.573152065
  8.284443855  52.93600082  3.72533226
  8.091286659  52.93600082  4.527723789
47
  9.224890709  42.93600082  3.663518429
  9.494416237  42.93600082  4.356001377
  9.586669922  42.93600082  4.67338419
  9.830596924  42.93600082  5.373681545
  9.88680172  42.93600082  5.652658939
  10.22788334  42.93600082  6.343464851
  10.28809071  42.93600082  6.569651127
  10.96790028  42.93600082  7.500820637
  11.20900249  42.93600082  7.78819418
  11.74640179  42.93600082  8.407377243
  12.0632143  42.93600082  8.76002121
  12.62864971  42.93600082  9.221036911
  13.19742584  42.93600082  9.638593674
  13.50273418  42.93600082  9.9544487
  13.95408821  42.93600082  10.48162651
  14.15264988  42.93600082  10.75075054
  14.75025654  42.93600082  11.12249184
  14.98036098  42.93600082  11.27114391
  16.22562027  42.93600082  11.20009232
  16.50300217  42.93600082  11.17182541
  17.66583252  42.93600082  10.55972958
  17.7381134  42.93600082  10.50670528
  18.87047577  42.93600082  9.385907173
  18.93266678  42.93600082  9.317023277
  19.77837753  42.93600082  7.91912508
  19.83907318  42.93600082  7.788414001
  20.30448151  42.93600082  6.426719666
  20.34711075  42.93600082  6.265422821
  20.36115265  42.93600082  6.084044933
  20.43930435  42.93600082  4.490509987
  20.2581749  42.93600082  1.916283965
  20.23020172  42.93600082  1.763501644
  20.16865921  42.93600082  1.655735731
  18.78269196  42.93600082  -0.3469665051
  18.67961884  42.93600082  -0.4059624672
  16.96186256  42.93600082  -1.230195999
  16.73669434  42.93600082  -1.266191244
  15.03872013  42.93600082  -1.454676628
  14.65347195  42.93600082  -1.426851034
  13.07631016  42.93600082  -1.440991163
  11.44641399  42.93600082  -1.004557133
  11.17450619  42.93600082  -0.9033272266
  10.1523571  42.93600082  0.2994748056
  9.809967041  42.93600082  0.7138342261
  9.628876686  42.93600082  1.174115896
  9.179184914  42.93600082  2.495542765
  9.18402195  42.93600082  2.886406422
51
  17.61522102  32.93600082  -1.155612946
  16.8729248  32.93600082  -1.158159971
  15.3227911  32.93600082  -1.286243677
  14.79543114  32.93600082  -1.364642382
  13.48869991  32.93600082  -1.7593503
  13.30992222  32.93600082  -1.72658062
  12.16392231  32.93600082  -1.371964216
  11.48230457  32.93600082  -1.161173105
  11.39660358  32.93600082  -1.131350517
  11.32924461  32.93600082  -1.042740822
  10.42254543  32.93600082  0.4831700623
  10.32026958  32.93600082  0.862247169
  9.952013969  32.93600082  2.346285105
  9.858771324  32.93600082  3.093268394
  9.819999695  32.93600082  3.446216106
  9.948698044  32.93600082  4.076081276
  10.01728153  32.93600082  4.35975647
  10.32154846  32.93600082  5.064796925
  10.46050167  32.93600082  5.382751942
  10.66783237  32.93600082  5.707309246
  11.10035133  32.93600082  6.395805836
  11.38173771  32.93600082  6.780010223
  11.90179062  32.93600082  7.523796082
  12.20874882  32.93600082  7.870672226
  12.75308037  32.93600082  8.51720047
  13.21427822  32.93600082  8.80191803
  13.49071789  32.93600082  8.947657585
  13.9578867  32.93600082  9.153270721
  14.22304249  32.93600082  9.258480072
  14.7060585  32.93600082  9.644128799
  14.93619251  32.93600082  9.836466789
  15.19694996  32.93600082  9.956804276
  15.81966686  32.93600082  10.20595646
  16.15138245  32.93600082  10.18799591
  17.20423508  32.93600082  10.10092545
  17.41736984  32.93600082  10.01597691
  18.68648529  32.93600082  9.478219986
  18.71913528  32.93600082  9.446068764
  18.99579239  32.93600082  9.158794403
  19.95968246  32.93600082  8.147086143
  20.78419495  32.93600082  6.577040672
  20.88446426  32.93600082  6.37271595
  21.17411995  32.93600082  4.614613056
  21.17829132  32.93600082  4.185198307
  21.02768517  32.93600082  2.574204922
  20.9104557  32.93600082  2.053548574
  20.62343788  32.93600082  1.37521863
  20.47555923  32.93600082  1.0574435
  19.78738213  32.93600082  0.3891636133
  19.30875587  32.93600082  -0.07837891579
  18.68179512  32.93600082  -0.5259327888
45
  17.86044502  22.93599701  0.4267449379
  16.79963493  22.93599701  -0.1991568804
  16.76573753  22.93599701  -0.222317338
  15.63866615  22.93599701  -0.5747781992
  15.60428238  22.93599701  -0.5844613314
  14.53177643  22.93599701  -0.5376666188
  14.49346733  22.93599701  -0.5348449349
  13.54582024  22.93599701  -0.07261379063
  13.50440025  22.93599701  -0.04562266171
  12.73456573  22.93599701  1.117315292
  12.70327091  22.93599701  1.190892696
  12.19626427  22.93599701  2.433579683
  12.17825508  22.93599701  2.508072853
  11.95381546  22.93599701  3.383257866
  11.94917488  22.93599701  3.452205658
  11.94605064  22.93599701  4.241744995
  11.95505142  22.93599701  4.30383873
  12.14610958  22.93599701  5.155079842
  12.16498756  22.93599701  5.212395668
  12.51162338  22.93599701  6.012885571
  12.53915977  22.93599701  6.058168411
  13.01930046  22.93599701  6.733150482
  13.55942917  22.93599701  7.312783241
  13.58941269  22.93599701  7.348014355
  13.61783218  22.93599701  7.377533436
  14.0979805  22.93599701  7.849599361
  14.13097  22.93599701  7.875533581
  14.65138626  22.93599701  8.277074814
  14.69252872  22.93599701  8.3071661
  15.29388809  22.93599701  8.738126755
  15.34536743  22.93599701  8.757787704
  16.09109306  22.93599701  9.024744987
  17.22330093  22.93599701  8.992033005
  17.30098534  22.93599701  8.961997986
  18.39003181  22.93599701  8.557067871
  19.43498802  22.93599701  7.539078712
  19.48544502  22.93599701  7.426579475
  20.10818481  22.93599701  6.089815617
  19.9812088  22.93599701  4.22503376
  19.97526741  22.93599701  4.091312885
  19.45586777  22.93599701  2.278181553
  19.42807579  22.93599701  2.17878294
  18.77838898  22.93599701  1.173992157
  18.74223518  22.93599701  1.119928241
  17.89881897  22.93599701  0.4609271288
50
  17.43575478  12.93599987  0.5145564079
  16.90652657  12.93599987  0.03145159408
  16.71133804  12.93599987  -0.2176943868
  16.29744339  12.93599987  -0.5630339384
  15.95185757  12.93599987  -0.8650285006
  15.67793465  12.93599987  -0.9757190943
  15.3017292  12.93599987  -1.113225579
  15.06031418  12.93599987  -1.031720996
  14.74860477  12.93599987  -0.8271814585
  14.52041054  12.93599987  -0.583850503
  14.24410248  12.93599987  -0.1670340002
  14.05189896  12.93599987  0.1691230834
  13.87164974  12.93599987  0.6115194559
  13.71329117  12.93599987  1.138717771
  13.56869507  12.93599987  1.515459538
  13.26523018  12.93599987  2.254185438
  13.14789581  12.93599987  2.740240097
  12.9274826  12.93599987  3.476354361
  12.87493134  12.93599987  3.921634674
  12.91137028  12.93599987  4.584300995
  12.9390049  12.93599987  4.896974564
  13.10500908  12.93599987  5.518059254
  13.17121887  12.93599987  5.788168907
  13.43127823  12.93599987  6.293399334
  13.53666019  12.93599987  6.513460636
  13.8475132  12.93599987  6.930862427
  13.97340012  12.93599987  7.108094692
  14.2311306  12.93599987  7.397934437
  14.35843945  12.93599987  7.525334835
  14.67040825  12.93599987  7.784692764
  14.81201267  12.93599987  7.887394905
  15.26033592  12.93599987  8.327445984
  15.4120636  12.93599987  8.440301895
  15.96136665  12.93599987  8.76060009
  16.13153076  12.93599987  8.829838753
  16.35559654  12.93599987  8.823965073
  17.0367527  12.93599987  8.699269295
  17.2734127  12.93599987  8.603443146
  17.92445755  12.93599987  8.245103836
  18.30669403  12.93599987  7.793682098
  18.57026482  12.93599987  7.530918121
  18.91625786  12.93599987  7.141181946
  19.09985733  12.93599987  6.712557793
  19.31867599  12.93599987  6.089681625
  19.46192932  12.93599987  5.08853054
  19.50553703  12.93599987  4.37716341
  19.39282799  12.93599987  3.35043478
  19.24547958  12.93599987  2.565869808
  18.59371948  12.93599987  1.749808073
  18.13202858  12.93599987  1.119484782
66
  17.34107971  5.650000095  -0.2129799873
  17.18552589  5.650000095  -0.5314046741
  16.87563324  5.650000095  -1.194329977
  16.76863289  5.650000095  -1.429066658
  16.54466057  5.650000095  -1.876091242
  16.27588844  5.650000095  -2.097732306
  15.85552025  5.650000095  -2.407588243
  15.5676012  5.650000095  -2.455744982
  15.15271568  5.650000095  -2.49211812
  14.8103056  5.650000095  -1.942338586
  14.65138149  5.650000095  -1.64251411
  14.32452297  5.650000095  -0.7427453399
  14.26353264  5.650000095  -0.5520929694
  14.10326481  5.650000095  0.02712377533
  14.06215763  5.650000095  0.1560872495
  14.03761959  5.650000095  0.2352319658
  13.73186493  5.650000095  1.08403492
  13.19545746  5.650000095  2.150299788
  12.96492481  5.649999619  2.708444118
  12.79092693  5.650000095  3.416964054
  12.49492836  5.650000095  4.428014755
  12.47269821  5.650000095  5.331642151
  12.44721794  5.650000095  5.779816628
  12.44317341  5.650000095  5.969313622
  12.48972893  5.650000095  6.936953068
  12.55595207  5.650000095  7.420657158
  12.61653137  5.650000095  7.830950737
  12.72131157  5.650000095  8.131541252
  12.94703865  5.650000095  8.854660034
  13.05968857  5.650000095  9.150138855
  13.56500244  5.650000095  10.70124722
  13.56646729  5.650000095  10.70390224
  13.57546616  5.650000095  10.72257233
  14.22445488  5.650000095  12.13405132
  14.35474586  5.650000095  12.4797163
  15.2119503  5.650000095  12.87144756
  15.44314766  5.650000095  12.98149967
  15.65288734  5.650000095  12.95306969
  16.50487518  5.650000095  12.87359333
  16.56941223  5.650000095  12.8351469
  17.14526749  5.650000095  12.53012848
  17.15592384  5.650000095  12.51761436
  17.2614212  5.650000095  12.40303993
  17.62699699  5.650000095  12.00895119
  17.66075706  5.650000095  11.97810078
  18.18819237  5.650000095  11.49240494
  18.28130913  5.650000095  11.40613747
  18.71166611  5.650000095  10.78020096
  18.87628937  5.650000095  10.54923916
  19.15233994  5.650000095  9.798992157
  19.34007454  5.650000095  9.209739685
  19.42721748  5.650000095  8.804689407
  19.57827187  5.650000095  7.931564331
  19.58650208  5.650000095  7.887072563
  19.58910751  5.650000572  7.873486042
  19.59320641  5.650000095  7.854875565
  19.71835327  5.650000095  7.002108097
  19.74927902  5.650000095  6.560700893
  19.74708748  5.650000095  6.092904568
  19.75945663  5.650000095  5.263772011
  19.84929466  5.650000095  4.6513834
  19.81759071  5.650000095  3.11877203
  19.80957603  5.650000095  2.87610054
  18.93308258  5.650000095  1.58204484
  18.64406967  5.650000095  1.216057181
  18.23363876  5.650000095  0.8115375042
