36
0.0685024932 9.281000137 -0.04515746981
0.06460928172 9.281000137 -0.03633400798
0.03290051967 9.281000137 0.1048794091
0.11057809 9.281000137 -0.2231209874
0.1589507908 9.281000137 -0.6006237268
2.014531136 9.281000137 0.3623519838
1.906168699 9.281000137 -0.1356064975
1.804065466 9.281000137 -0.3338677883
1.289898992 9.281000137 -1.020571351
1.0595963 9.281000137 -1.139673471
0.8611937761 9.281000137 -1.14219594
0.6723028421 9.281000137 -1.096321225
0.3153403699 9.281000137 0.9095090628
0.2210545093 9.281000137 0.7593141794
0.6491823196 9.281000137 1.056447148
0.4833508432 9.281000137 -1.038226366
1.70352447 9.281000137 -0.4755738974
1.18811965 9.281000137 1.15107429
0.06533233821 9.281000137 0.3319910169
1.664198875 9.281000137 -0.5526576638
0.1429282874 9.281000137 -0.4928318858
0.2820675969 9.281000137 -0.9106711745
1.925152421 9.281000137 0.6388194561
1.766921043 9.281000137 0.8606506586
1.980558157 9.281000137 0.01388995536
1.494122863 9.281000137 -0.8025804758
0.259968996 9.281000137 0.8220726252
0.1319627464 9.281000137 0.5539121032
0.4709768593 9.281000137 0.9863889813
1.567966938 9.281000137 1.034048438
1.376356602 9.281000137 1.119236588
1.101227164 9.281000137 1.143959999
0.9957600832 9.281000137 1.125421762
1.270790815 9.281000137 1.153242469
0.8082495928 9.281000137 1.108820558
1.524110079 9.281000137 -0.7611294389
// Undo: select -r LeftLeg 
36
0.08899987489 9.081000328 0.157629326
0.1241814494 9.081000328 0.02298992686
0.1956756711 9.081000328 -0.1448762715
0.1260987818 9.080999374 0.0142912101
0.2958654165 9.081000328 -0.3378458023
0.300006628 9.081000328 -0.3617285788
0.380459547 9.081000328 -0.6895097494
1.786457777 9.081000328 0.8762248755
1.939083099 9.081001282 0.6650081873
2.025244474 9.081000328 0.4000689387
2.007120848 9.081000328 0.05843546987
1.999312043 9.081000328 0.04131840914
1.841769218 9.081000328 -0.28693524
1.099246025 9.081000328 -1.020607591
1.328827858 9.081000328 -0.8920136094
1.536990643 9.081000328 -0.6823159456
0.7059378028 9.081000328 -0.9449794292
0.8944462538 9.081000328 -1.014651895
0.3925136626 9.081000328 0.9353331327
0.4512788951 9.081000328 0.9737042785
0.6208102703 9.081000328 1.042926311
0.3058428466 9.081000328 0.8796548843
0.2148688585 9.081000328 0.7466044426
0.1499488056 9.081000328 0.572468102
1.403273582 9.081000328 1.140576601
1.594192028 9.081000328 1.05801487
0.5368412137 9.081000328 -0.8578591943
1.73204565 9.081000328 -0.4457508922
1.702073693 9.080999374 -0.4881208539
1.603896618 9.081000328 -0.5847498178
0.9567035437 9.081000328 1.122787833
1.071664095 9.081000328 1.155326366
1.175652862 9.081000328 1.175172806
1.279968739 9.081001282 1.178079605
0.1051565856 9.081000328 0.3677037954
0.7703331709 9.081000328 1.101114988
// Undo: 
36
0.1307615936 8.880999565 0.2013102025
0.1614082307 8.880999565 0.08732785285
0.170559153 8.880999565 0.04844874144
0.240404278 8.880999565 -0.1007107347
0.3489366174 8.880999565 -0.2827786803
0.3943835497 8.880999565 -0.3411156535
0.4779903889 8.880999565 -0.4768338501
2.032614231 8.880999565 0.4344030619
1.946609259 8.880999565 0.6896662712
1.79851222 8.880999565 0.8915429115
2.032825947 8.880999565 0.1981029809
2.030296803 8.880999565 0.1087766439
1.87288022 8.880999565 -0.2450494319
1.153021216 8.880999565 -0.8346188068
0.938960731 8.880999565 -0.8238295317
0.7466331124 8.880999565 -0.7480908632
1.524114728 8.880999565 -0.6270142794
1.56616509 8.880999565 -0.6010775566
1.369549751 8.880999565 -0.7421233654
0.1628842801 8.880999565 0.5794752836
0.2153529823 8.880999565 0.731061697
0.3005732298 8.880999565 0.8563152552
0.4404426515 8.880999565 0.9526657462
0.6031437516 8.880999565 1.026970625
1.616294861 8.880999565 1.080367923
1.42934227 8.880999565 1.159285784
0.6024092436 8.880999565 -0.6367135048
1.729830265 8.880999565 -0.4578200877
1.714985847 8.880999565 -0.4711432457
1.16671598 8.880999565 1.197391987
1.0446347 8.880999565 1.163454771
0.9195593596 8.880999565 1.116635561
1.290571809 8.880999565 1.200890303
0.7543150187 8.880999565 1.083760977
0.6271247864 8.880999565 1.03619957
0.1312157363 8.880999565 0.3939601183
// Undo: 
36
0.4868601263 8.680999756 -0.4342813194
0.361893028 8.680999756 -0.258353442
0.2623001933 8.680999756 -0.08158884943
0.1525728256 8.680999756 0.2351150066
0.1644310951 8.680999756 0.1865509599
0.1915306896 8.680999756 0.07374789566
1.80926764 8.680999756 0.9060282707
1.949237227 8.680999756 0.7100440264
2.033070087 8.680999756 0.4639550745
2.040980816 8.680999756 0.3275135159
1.894139767 8.680999756 -0.2102034241
2.045909882 8.680999756 0.1570983827
1.579493523 8.680999756 -0.5730624199
1.390758991 8.680999756 -0.6936050653
1.237361193 8.680999756 -0.7411975861
0.7613691092 8.680999756 -0.6989785433
0.9629725218 8.680999756 -0.7586610317
1.182482481 8.680999756 -0.7594895363
0.3004705608 8.680999756 0.8317246437
0.2217728198 8.680999756 0.7115894556
0.1755540967 8.680999756 0.5717744231
0.5960547924 8.680999756 1.0078789
0.4371205568 8.680999756 0.9289543033
1.455582261 8.680999756 1.17161274
1.636960387 8.680999756 1.092085958
0.5175516605 8.680999756 -0.471195966
0.6141034961 8.680999756 -0.586114049
1.738125324 8.680999756 -0.4327163398
1.751187682 8.680999756 -0.4211625159
0.8864144087 8.680999756 1.103628874
1.022896409 8.680999756 1.167802334
1.164815664 8.680999756 1.222247005
1.305808067 8.680999756 1.222450256
0.7271078229 8.680999756 1.055637836
0.7449302077 8.680999756 1.062146902
0.148999095 8.680999756 0.4088097513
// Undo: 
36
0.2759456933 8.480999947 -0.07555732131
0.3674240112 8.480999947 -0.2452827394
0.4822664261 8.480999947 -0.4093786776
0.1700045615 8.480999947 0.2560763359
0.2084494382 8.480999947 0.08885806799
2.026583433 8.480999947 0.4851692617
1.948195815 8.480999947 0.7261216044
1.817657232 8.480999947 0.9200458527
2.03443718 8.480999947 0.3787366152
2.047320843 8.480999947 0.1809607446
1.906346321 8.480999947 -0.1741783023
1.214170814 8.480999947 -0.7356152534
1.416974068 8.480999947 -0.6646406054
1.599310994 8.480999947 -0.5350494385
1.044982672 8.480999947 -0.7328000069
0.9840005636 8.480999947 -0.7321277857
0.7697357535 8.480999947 -0.6728124619
0.1973428726 8.480999947 0.5593348742
0.2379606366 8.480999947 0.6851782203
0.3085339069 8.480999947 0.7939224243
0.4422885776 8.480999947 0.8968871832
0.596971333 8.480999947 0.9883770943
1.655004501 8.480999947 1.098040223
1.480061293 8.480999947 1.178672671
0.6122162342 8.4810009 -0.5577473044
0.6688871384 8.480999947 -0.598946929
1.772766352 8.480998993 -0.3791258633
1.769630313 8.480999947 -0.3837735653
1.170416594 8.480999947 1.249190688
1.008017302 8.480999947 1.168893695
0.8579624891 8.480999947 1.080496788
1.324661613 8.480999947 1.24189806
0.7283403873 8.480999947 1.040015817
0.7266539335 8.480999947 1.039353728
0.1690970063 8.480999947 0.4140973091
0.1699232161 8.480999947 0.2603259385
// Undo: 
34
0.4941524863 8.281000137 -0.3831810057
0.3863233328 8.281000137 -0.2302968949
0.3016000986 8.281000137 -0.07014760375
0.2358676642 8.281000137 0.09324333072
0.1960429996 8.281000137 0.2553895414
2.026751995 8.281000137 0.3883857429
2.01826334 8.281000137 0.5041168332
1.818910956 8.281000137 0.9328471422
1.944972277 8.281000137 0.7411304116
1.910757303 8.281000137 -0.1316949427
2.041479111 8.281000137 0.199039191
1.630222321 8.281000137 -0.4918094277
1.449088573 8.281000137 -0.6314496994
1.247387409 8.281000137 -0.7146646976
1.006991863 8.281000137 -0.7076934576
0.7799032331 8.281000137 -0.6418138146
0.3232385218 8.281000137 0.744291544
0.2662847638 8.281000137 0.6526364088
0.239133954 8.281000137 0.5475538373
0.6080794334 8.281000137 0.9691889286
0.4553541243 8.281000137 0.8592805266
0.8358938098 8.281000137 1.054845095
0.7207235098 8.281000137 1.016146421
0.7063494325 8.281000137 1.010084271
0.9927473068 8.281000137 1.16734159
1.184855223 8.281000137 1.265483856
1.501879454 8.281000137 1.18424201
1.667506576 8.281000137 1.106137991
0.6192022562 8.281000137 -0.5281816721
1.787446976 8.281000137 -0.3426400125
1.790958285 8.281000137 -0.3391644359
1.35744524 8.281000137 1.254751444
0.2045852095 8.281000137 0.408206284
0.1961785555 8.281000137 0.2590732276
// Undo: 
35
0.3430197239 8.081000328 -0.06259935349
0.422980845 8.081000328 -0.2082693875
0.5241234303 8.081000328 -0.3480376601
0.2307734191 8.081000328 0.2471009344
0.2739046514 8.081000328 0.09213544428
2.031405926 8.081000328 0.3569402099
2.014411926 8.081000328 0.5264592171
2.039448261 8.081000328 0.2652172446
1.911190987 8.081000328 -0.0775270164
1.940973282 8.081000328 0.75770998
1.815875411 8.081000328 0.9485783577
1.280960798 8.081000328 -0.6780452728
1.486311674 8.081000328 -0.5869101882
1.665152311 8.081000328 -0.441193223
0.7945393324 8.081000328 -0.6056717634
1.030237198 8.081000328 -0.672713697
0.3369548917 8.080999374 0.6919853687
0.4693298936 8.081000328 0.82554847
0.6329949498 8.081000328 0.9512473941
0.2849658728 8.081000328 0.5499287248
0.2472991645 8.081000328 0.4040454626
0.2316485941 8.081000328 0.2561790049
0.7218638659 8.081000328 0.9977642298
0.8175884485 8.081000328 1.036986709
0.7076069117 8.081000328 0.9900850058
1.211989284 8.081000328 1.274634004
0.9820759892 8.081000328 1.170536757
1.673073053 8.081000328 1.116887927
1.512874842 8.081000328 1.189667344
0.6402411461 8.081000328 -0.4908021092
1.808519602 8.081000328 -0.2860414386
1.780956268 8.081000328 -0.3176870048
1.392431259 8.081000328 1.264849067
0.295932591 8.081000328 0.605091393
0.3083999157 8.081000328 0.6443744898
// Undo: 
34
0.3914891779 7.881000042 -0.05540180206
0.3258647919 7.881000042 0.09165655077
0.2865583003 7.881000042 0.2447955459
0.5590831041 7.880999565 -0.3167981803
0.464547962 7.880999565 -0.1890569627
1.81650877 7.881000519 0.9719129205
1.940112591 7.881000519 0.7787191868
2.012452841 7.881000042 0.5496234894
2.033365726 7.881000042 0.3936294615
1.912343383 7.881000519 -0.01016744319
2.039313555 7.881000042 0.3462432623
1.310317278 7.881000042 -0.6215420961
1.059411407 7.881000042 -0.6280187368
0.8224167824 7.880999565 -0.5690088272
1.68617785 7.881000042 -0.3768335879
1.513937831 7.881000519 -0.5241273642
0.6534557343 7.881000042 0.928123951
0.4833379388 7.881000042 0.7920082808
0.350196749 7.880999565 0.639510572
0.2899015844 7.881000042 0.4059349
0.3278681636 7.880999565 0.5683428645
0.2890553176 7.881000042 0.3356420994
0.8258125186 7.881000519 1.038036823
0.7672854662 7.881000042 1.004064083
0.7366297841 7.881000042 0.9874088764
1.009796739 7.881000042 1.186771274
0.8350090981 7.881000042 1.042192698
1.245009899 7.881000042 1.289713144
1.504576683 7.880999565 1.204519272
1.668081284 7.881000042 1.136761189
0.671687603 7.881000042 -0.4557183981
1.715256691 7.880999565 -0.3418263793
1.816637039 7.880999565 -0.2164993882
1.395626783 7.881000519 1.273200512
// Undo: 
33
0.3459541202 7.681000233 0.2463450134
0.3822190166 7.681000233 0.09388900548
0.4420279264 7.681000233 -0.04719706625
0.5069690347 7.68100071 -0.1722236574
0.5949578285 7.680999756 -0.2907378078
2.014877081 7.681000233 0.572789073
1.941491365 7.680999756 0.8027359843
1.81840229 7.681000233 0.9986493587
2.015381098 7.681000233 0.5606902242
2.028043509 7.681000233 0.3610707521
1.914610386 7.681000233 0.05355216563
1.695796847 7.681000233 -0.3122229278
1.699070573 7.681000233 -0.3095197678
0.8660529256 7.681000233 -0.5331386328
1.095389009 7.68100071 -0.5736341476
1.333999038 7.680999756 -0.5488744378
1.532161117 7.681000233 -0.4512681961
0.3698390126 7.681000233 0.5866851211
0.3511707187 7.681000233 0.4981591105
0.493727684 7.681000233 0.7489800453
0.6526614428 7.681000233 0.891485393
0.3342665434 7.681000233 0.4160549939
0.7272151113 7.681000233 0.9687146544
0.8106979728 7.681000233 1.033196568
1.063452244 7.681000233 1.209588528
1.025171876 7.68100071 1.176941872
0.911860466 7.681000233 1.078911901
1.277270079 7.681000233 1.298256516
1.660113573 7.680999756 1.155273795
1.491108179 7.680999756 1.213674188
0.7114466429 7.68100071 -0.4255475402
1.824163556 7.681000233 -0.1486527175
1.393498182 7.680999756 1.273347259
// Undo: 
35
0.6312690973 7.480999947 -0.2666417062
0.5492113233 7.480999947 -0.1552686393
0.4914703667 7.480999947 -0.03619000688
0.4374848008 7.480999947 0.1047664061
0.4039366841 7.480999947 0.2562802434
1.921084285 7.480999947 0.8628778458
1.820505381 7.480999947 1.028884411
2.014877558 7.480999947 0.5972653627
1.942192197 7.480999947 0.8285286427
1.9178617 7.480999947 0.112052694
2.015904903 7.480999947 0.3706944287
1.716118097 7.480999947 -0.2528275847
1.549288988 7.480999947 -0.3901970983
1.353916407 7.480999947 -0.4842934012
1.129525781 7.480999947 -0.5197571516
0.9118857384 7.480999947 -0.4954940379
0.3839538097 7.480999947 0.3984878063
0.4055091739 7.480999947 0.5356410146
0.6443831325 7.480999947 0.8494093418
0.499286741 7.480999947 0.6964329481
0.4475996196 7.480999947 0.6040239334
0.7965832949 7.480999947 1.027364731
0.7154716253 7.480999947 0.947004199
1.007648945 7.480999947 1.126636863
1.127622843 7.480999947 1.229126453
1.2202003 7.480999947 1.262870073
1.473460078 7.480999947 1.217664003
1.6531986 7.480999947 1.17189312
0.7524860501 7.480999947 -0.3955008984
1.834706068 7.480999947 -0.0885610804
1.834748268 7.480999947 -0.08850169927
1.304994702 7.480999947 1.29008019
1.387811542 7.480999947 1.263722658
0.9247165322 7.480999947 1.102137804
0.8705072403 7.480999947 1.076468468
// Undo: 
36
0.5376660228 7.281000137 -0.0214760527
0.5899903774 7.281000137 -0.1374574006
0.6680406332 7.281000137 -0.2435459942
0.4588538408 7.281000137 0.2691072226
0.4894968271 7.281000137 0.1224047393
1.881005883 7.281000137 0.9586556554
1.821452022 7.281000137 1.06653285
1.934604645 7.281000137 0.8623542786
2.002673149 7.281000137 0.625949204
2.003792524 7.281000137 0.3916396499
1.930075169 7.281000137 0.1893339604
1.921919703 7.281000137 0.1680402905
1.371969938 7.281000137 -0.4279355109
1.565619946 7.281000137 -0.3347501755
1.731527567 7.281000137 -0.2002277076
0.9531641006 7.281000137 -0.4548917711
1.159277081 7.281000614 -0.4695426822
0.6331751347 7.281000137 0.8048061132
0.5553777218 7.281000137 0.7068660259
0.4445548058 7.281000137 0.4897862077
0.4343403578 7.281000137 0.3802719712
0.5033403039 7.281000137 0.6437962055
0.6351723075 7.281000137 0.8118044138
0.7051414251 7.281000137 0.9311602116
0.7872548103 7.281000137 1.024950981
0.9158617854 7.281000137 1.109864354
1.050619602 7.281000137 1.155554056
1.657160044 7.281000137 1.186995268
1.447624445 7.281000137 1.221774101
0.7923266888 7.281000137 -0.3643981218
1.844787121 7.281000137 -0.0329503715
1.31743288 7.281000137 1.261833668
1.207955837 7.281000137 1.234865427
1.117175221 7.281000137 1.178761959
1.204425812 7.281000137 1.233895183
1.387262821 7.281000137 1.247044206
// Undo: 
41
0.5783153772 7.080999851 -0.001928760903
0.6268888712 7.080999851 -0.1157258302
0.5341147184 7.081000328 0.1397937238
0.5042270422 7.081000328 0.2732542753
0.6274935603 7.080999851 -0.1171580851
0.7027222514 7.080999851 -0.2194854766
1.848682642 7.081000328 1.036940336
1.817419291 7.080999851 1.094762802
1.984057665 7.080999851 0.6546940804
1.924373746 7.080999851 0.891446352
1.973701477 7.080999851 0.3766318858
1.9913553 7.080999374 0.434461832
1.923236012 7.080999374 0.2212330699
1.743495107 7.080999851 -0.1530044079
1.580773592 7.080999851 -0.2807970047
1.390006423 7.080999851 -0.3704331219
1.186888456 7.080999851 -0.4182362556
1.139670014 7.080999851 -0.4169540703
0.9907275438 7.081000328 -0.4114762247
0.4774742723 7.080999851 0.3620061576
0.4802243412 7.080999851 0.4555784464
0.6245954633 7.081000328 0.7621644735
0.5361173749 7.080999851 0.6149541736
0.529124558 7.080999851 0.6040699482
1.051860571 7.080999851 1.167309999
0.9435517192 7.080999851 1.120693684
0.7884180546 7.081000328 1.027822137
0.701796174 7.080999851 0.9340896606
0.6397514939 7.081000328 0.8209207654
0.9067366719 7.080999851 1.105467796
1.436636925 7.081000328 1.221843004
1.651323557 7.080999851 1.195729375
0.8292309642 7.080999851 -0.3312468529
1.852992654 7.081000328 0.0157384444
1.214972615 7.080999374 1.202209473
1.270657778 7.080999851 1.220994115
1.328475952 7.080999851 1.233339906
1.385348439 7.080999851 1.229705811
1.128483415 7.080999851 1.189242959
0.6364241838 7.080999374 0.8091878295
0.6260881424 7.080999851 0.7729724646
// Undo: 
38
0.6065499783 6.881000042 0.02702542208
0.6528103352 6.881000042 -0.08782753348
0.6713789701 6.881000519 -0.1138386875
0.7264442444 6.880999565 -0.1909749806
0.5338484645 6.881000519 0.2722061574
0.5635489821 6.881000519 0.1549701989
1.973646879 6.881000042 0.5244193077
1.966019392 6.881000042 0.6773784161
1.805190325 6.881000042 1.106963277
1.910000801 6.881000042 0.9087748528
1.921832085 6.881000042 0.2688499689
1.976234674 6.881000042 0.4721089303
1.410557866 6.881000042 -0.3047500253
1.594336271 6.880999565 -0.2272055298
1.750490665 6.881000042 -0.1130286977
1.405074716 6.881000042 -0.3062628508
1.21321702 6.881000042 -0.3583799899
1.021413445 6.880999565 -0.3637516499
0.6216522455 6.881000042 0.7187963128
0.5660225153 6.881000042 0.589948535
0.5107229352 6.880999565 0.4340962768
0.5096464753 6.881000042 0.3496208489
0.5572363734 6.881000042 0.5713573694
0.7906621695 6.881000042 1.033263206
0.9064871073 6.881000042 1.111031532
1.051290512 6.881000042 1.173711777
0.6471133828 6.881000042 0.8220956922
0.7032122016 6.881000042 0.9336559176
1.444227219 6.881000519 1.220328927
1.641271114 6.881000042 1.1990695
0.8572964072 6.881000042 -0.2940329015
1.85847342 6.880999565 0.05739036202
1.254612207 6.881000042 1.199003696
1.303629875 6.881000519 1.213279247
1.350019336 6.880999565 1.220210314
1.395533919 6.880999565 1.223741055
1.149772644 6.881000042 1.197324276
0.6308826804 6.880999565 0.7695091367
// Undo: 
39
0.6255741119 6.681000233 0.05962587148
0.5833052993 6.681000233 0.1779148877
0.5567233562 6.681000233 0.2900670767
0.6946599483 6.681000233 -0.08564737439
0.6721300483 6.680999756 -0.05417372286
0.7465164661 6.681000233 -0.1581365913
1.952254295 6.681000233 0.6810647249
1.951905608 6.681000233 0.6896131635
1.959668517 6.68100071 0.4948786497
1.915218234 6.681000233 0.3045014143
1.893119693 6.681000233 0.9185752869
1.790949821 6.681000233 1.112282276
1.669505358 6.681000233 -0.1343980134
1.753243446 6.68100071 -0.08043143153
1.427726984 6.681000233 -0.2394729704
1.604181767 6.681000233 -0.1775224656
1.047840238 6.680999756 -0.3140384555
1.236201167 6.681000233 -0.2979272902
0.5372514129 6.681000233 0.412676096
0.5673037171 6.680999756 0.5344224572
0.6170213223 6.680999756 0.6695714593
1.050722122 6.681000233 1.180112123
0.9080144763 6.681000233 1.116462231
0.7927358747 6.681000233 1.039152026
0.7479481101 6.681000233 0.9819171429
0.660161376 6.681000233 0.807043612
0.7072780132 6.681000233 0.9294691086
1.635927916 6.681000233 1.193596125
1.465480566 6.681000233 1.208310366
0.8811008334 6.681000233 -0.2537510991
1.85804987 6.681000233 0.09167595208
1.372160316 6.681000233 1.207862377
1.330806375 6.681000233 1.204117656
1.282070398 6.681000233 1.192340374
1.412323713 6.680999756 1.213049412
1.164863229 6.68100071 1.204268813
0.6366814375 6.68100071 0.7348143458
0.5445692539 6.681000233 0.3303846121
0.5368541479 6.681000233 0.369083941
// Undo: 
35
0.577642858 6.480999947 0.3217246532
0.5982925296 6.481000423 0.206770733
0.6117084026 6.480999947 0.1685235798
0.6389181018 6.480999947 0.09166766703
0.7709270716 6.480999947 -0.1202309281
0.6908420324 6.481000423 -0.01997251809
1.904613733 6.480999947 0.3299000859
1.941045165 6.480999947 0.5108209848
1.935107708 6.480999947 0.6938253641
1.873617411 6.480999947 0.920183599
1.774714708 6.480999947 1.110779166
1.435447454 6.480999947 -0.1810053289
1.253853559 6.480999947 -0.2407410145
1.073306561 6.480999947 -0.2640537322
1.717373371 6.480999947 -0.0753480196
1.750698686 6.480999947 -0.05744525045
1.605662346 6.480999947 -0.1368431002
0.6286662221 6.480999947 0.6310209036
0.5828741789 6.480999947 0.502699852
0.5635971427 6.480999947 0.3927354515
1.050156116 6.480999947 1.186509848
0.9128459692 6.480999947 1.118931413
0.8025861979 6.480999947 1.03796494
0.7152768373 6.480999947 0.9222166538
0.6732078195 6.480999947 0.7919917107
1.635069251 6.480999947 1.179729939
1.502077222 6.480999947 1.18449533
0.9074141383 6.480999947 -0.2101297677
1.848177791 6.480999947 0.1180315763
1.394928932 6.480999947 1.19633472
1.351045251 6.480999947 1.193224192
1.297378421 6.480999947 1.182228327
1.438129187 6.480999947 1.19590497
1.172696114 6.480999947 1.209882259
0.6512397528 6.480999947 0.7057021856
// Undo: 
40
0.5960894227 6.281000137 0.362403661
0.6129889488 6.281000137 0.2408851683
0.6539902687 6.281000137 0.1219178662
0.7112415433 6.281000137 0.01295906492
0.7975388765 6.281000137 -0.08262840658
1.911089182 6.281000137 0.6882280111
1.924992442 6.281000137 0.526514709
1.89709878 6.281000137 0.358753711
1.86023283 6.281000137 0.8427144885
1.847707748 6.281000137 0.8787645102
1.751307845 6.281000137 1.041642547
0.7284834385 6.281000137 0.9120253921
0.6868806481 6.281000137 0.7767958045
0.8201334476 6.281000137 1.029216766
1.415432692 6.281000137 1.179839492
1.410615444 6.281000137 1.180330992
1.28471899 6.281000137 1.166683555
1.343306184 6.281000137 1.185220599
1.084547997 6.281000137 1.170235038
0.9366250038 6.281000137 1.108796477
1.703860044 6.281000137 -0.0546631515
1.745314121 6.281000137 -0.03541026637
1.095724463 6.281000137 -0.2152375281
1.265829802 6.281000137 -0.1880979836
1.435504794 6.281000137 -0.1311052442
1.601803303 6.281000137 -0.1016988009
0.6517652273 6.281000137 0.5999825597
0.608145833 6.281000137 0.4795395732
0.5925165415 6.281000137 0.3804672062
1.544862986 6.281000137 1.139489174
1.50635159 6.281000137 1.157218337
1.5984689 6.281000137 1.114693284
0.933874011 6.281000137 -0.1668277383
1.838852644 6.281000137 0.1459077299
0.6803184748 6.281000137 0.7380651236
0.6708897352 6.281000137 0.6798349619
1.147150159 6.281000137 1.179637909
1.222009659 6.281000137 1.183359623
1.632518291 6.281000137 1.101864696
1.605816722 6.281000137 1.114325047
// Undo: 
35
0.6785661578 6.080999851 0.1475880891
0.6421248913 6.080999851 0.2695014477
0.631290257 6.080999851 0.3959611058
0.8266857862 6.080999851 -0.05150933191
0.7395859361 6.080999851 0.03935625777
1.741103411 6.080999851 0.9809263349
1.824715853 6.080999851 0.8325033784
1.869217396 6.081000328 0.7144602537
1.894793868 6.080999851 0.3898205757
1.910994291 6.080999851 0.5404983759
1.88328588 6.081000328 0.6797301769
0.643356204 6.080999851 0.495364666
0.6820472479 6.081000328 0.6126808524
0.7607679367 6.080999851 0.8914818168
0.7144931555 6.080999851 0.7583992481
0.8523811102 6.080999851 1.006027579
1.431738138 6.080999851 1.1654737
1.332175851 6.080999851 1.167682409
1.304996133 6.080999851 1.169769526
1.249686718 6.080999851 1.143351912
0.9817445278 6.080999851 1.084465265
1.041707158 6.080999851 1.106256247
1.142747402 6.080999851 1.138518572
1.425101519 6.080999851 -0.09525669366
1.255309582 6.081000328 -0.1449725777
1.10745573 6.081000328 -0.1699620783
1.56451261 6.080999851 -0.07761596888
1.597865343 6.080999851 -0.07365926355
1.739765048 6.080999374 0.00236032391
1.58701694 6.080999851 1.111464739
1.075521946 6.081000328 -0.1651994884
0.9466924071 6.080999851 -0.1243544668
1.836773038 6.080999851 0.1836265475
0.7089024186 6.080999851 0.725402236
0.6900368929 6.081000328 0.6471383572
// Undo: 
34
0.678786099 5.880999565 0.4302491546
0.6846208572 5.881000042 0.2952544391
0.7144525051 5.881000042 0.1667575538
0.7790210843 5.881000042 0.05797619
0.8620917797 5.881000042 -0.02743609995
1.845845461 5.881000042 0.7276661396
1.812874556 5.881000042 0.8213723302
1.740185022 5.881000042 0.9465402365
1.861087322 5.881000042 0.6867386699
1.898868561 5.881000042 0.5489083529
1.895295858 5.881000042 0.4060224593
0.7201015353 5.881000042 0.6511669755
0.6885620356 5.881000042 0.5411616564
0.742105484 5.881000042 0.7400027514
0.7941361666 5.881000519 0.8698647022
0.8870021105 5.881000042 0.9802885056
1.446734428 5.881000042 1.159430504
1.320753217 5.881000042 1.165691733
1.300938249 5.880999565 1.157483578
1.196763515 5.881000042 1.112444758
1.173394799 5.881000042 1.099428892
1.030770063 5.881000042 1.057053089
1.62256515 5.881000042 -0.03374096006
1.7372787 5.880999565 0.0387474671
1.109368563 5.881000042 -0.1333056092
1.234753966 5.881000042 -0.1139874682
1.41517508 5.881000042 -0.07215866446
1.596396089 5.881000042 -0.05026081204
1.60884428 5.881000519 1.110372186
0.9515507817 5.881000042 -0.07960020006
1.03343761 5.881000519 -0.1082467586
1.837896705 5.881000042 0.2141362876
1.05933547 5.881000042 -0.1271509081
1.064842701 5.881000042 -0.1279657781
// Undo: 
36
0.7526568174 5.681000233 0.1816356778
0.7282075286 5.68100071 0.3084528446
0.7282643914 5.680999756 0.4461872876
0.9061442018 5.681000233 0.001857685391
0.8205364943 5.681000233 0.08032025397
1.745429277 5.681000233 0.9213074446
1.807566166 5.681000233 0.8156780601
1.827189326 5.681000233 0.7511480451
1.844828129 5.68100071 0.6975206733
1.898105264 5.681000233 0.4020650983
1.889935493 5.681000233 0.5512911081
0.739128232 5.681000233 0.580477953
0.7696998715 5.681000233 0.7215361595
0.7697143555 5.681000233 0.7215925455
0.7697178125 5.681000233 0.7216063142
0.8296614289 5.681000233 0.8461104631
0.925932765 5.681000233 0.9499191046
1.261715651 5.681000233 1.136177659
1.345306158 5.681000233 1.170952082
1.460904121 5.681000233 1.162155867
1.227181077 5.681000233 1.122612238
1.101202011 5.681000233 1.047309637
1.00757575 5.681000233 0.9919086695
1.075620413 5.681000233 1.034025908
1.424085021 5.681000233 -0.05425311252
1.252663851 5.680999756 -0.09328785539
1.121351242 5.681000233 -0.1059365198
1.657052755 5.681000233 0.01591781899
1.745340466 5.681000233 0.0685338825
1.59979713 5.681000233 -0.01885292307
1.630856514 5.68100071 1.11008215
1.054092407 5.681000233 -0.08321773261
1.006695271 5.681000233 -0.04345311224
1.844691396 5.681000233 0.2273197323
0.9849953651 5.681000233 -0.03580773249
0.9280068874 5.680999756 -0.01051437017
// Undo: 
31
0.7742853165 5.480999947 0.4337933064
0.7696598172 5.480999947 0.3078755736
0.7910500169 5.480999947 0.1934601367
0.8641990423 5.480999947 0.10581927
0.9563096166 5.480999947 0.0356137082
1.838736057 5.480999947 0.7048556805
1.886588693 5.480999947 0.5431346297
1.903931618 5.480999947 0.3794669509
1.83615303 5.480999947 0.7150743604
1.812770844 5.480999947 0.8117750883
1.759602308 5.480999947 0.9078368545
0.9725571871 5.480999947 0.9134269953
0.8935371637 5.480999947 0.8246966004
0.8760539293 5.480999947 0.8062185645
0.8144423366 5.480999947 0.6877309084
0.7839233875 5.480999947 0.5606131554
1.473327756 5.480999947 1.171860695
1.364446998 5.480999947 1.18452394
1.266180634 5.480999947 1.147134781
1.23348999 5.480999947 1.1213063
1.117346644 5.480999947 1.033391714
1.760266185 5.48099947 0.08802886307
1.608629346 5.480999947 0.004260108806
1.586059093 5.480999947 -0.001964266412
1.135160327 5.480999947 -0.08117533475
1.27486074 5.480999947 -0.07781989872
1.438367963 5.480999947 -0.04484167323
1.650595903 5.480999947 1.103074551
0.9862605333 5.480999947 0.02238902822
1.051555634 5.480999947 -0.0394016318
1.85642457 5.480999947 0.2249661088
// Undo: 
30
0.8309983611 5.281000137 0.198984161
0.8071361184 5.281000137 0.3001050949
0.8077874184 5.281000137 0.4164215326
0.9684247971 5.281000137 0.08139123023
0.9707158208 5.281000137 0.07982300967
0.8924465775 5.281000137 0.1334461719
1.767923355 5.281000137 0.9036564231
1.820056319 5.281000137 0.8095189333
1.843832016 5.281000137 0.7028318644
1.891128302 5.281000137 0.5243084431
1.914035678 5.281000137 0.3377080262
1.023929596 5.281000137 0.8765622973
0.9303040504 5.281000137 0.7687852383
0.8646099567 5.281000137 0.659737289
0.823607862 5.28099966 0.5384002924
0.8154498339 5.281000137 0.4765439034
1.290505886 5.281000137 1.135100245
1.222925186 5.281000137 1.076430678
1.37106967 5.281000137 1.164733648
1.475832701 5.281000137 1.157991171
1.160210848 5.281000137 1.018949151
1.148135424 5.281000137 -0.05758042634
1.291151285 5.281000137 -0.07961374521
1.453349352 5.281000137 -0.06900272518
1.629240632 5.281000137 -0.01255084388
1.784358978 5.281000137 0.08265028149
1.65813303 5.281000137 1.088798761
1.048607945 5.281000137 0.004419269972
1.886792183 5.281000137 0.2404064089
1.874793649 5.281000137 0.1980496347
// Undo: 
29
0.8961241841 5.080999851 0.1936650574
0.850061655 5.080999851 0.29064852
0.832051158 5.080999851 0.4002940059
0.9696694016 5.080999851 0.1209275723
1.052131295 5.080999851 0.03455242515
1.161454678 5.080999851 -0.04333659261
1.8604877 5.080999851 0.6833097935
1.822395325 5.080999374 0.806550622
1.755888462 5.080999851 0.9056810141
1.925799131 5.080999851 0.305916518
1.90242815 5.080999374 0.5079963803
0.8527315855 5.081000328 0.5152474046
0.9006996155 5.080999851 0.6289901733
1.071656704 5.080999851 0.8365163803
1.069713473 5.080999851 0.8344712257
0.9749115109 5.080999851 0.7329213619
1.279713035 5.080999851 1.040687323
1.176882982 5.080999851 0.9521459937
1.464879036 5.080999851 1.100752115
1.35793066 5.080999374 1.084237814
1.472221971 5.080999851 -0.1086698323
1.65353632 5.080999851 -0.04236484319
1.81073463 5.081000328 0.06465403736
1.363772392 5.080999851 -0.1004044935
1.307689428 5.080999851 -0.09684321284
1.63778758 5.080999851 1.052720785
1.896112561 5.080999851 0.1751303077
0.9445239305 5.081000328 0.1376264244
0.9145932794 5.080999851 0.1741769016
// Undo: 
27
1.120989323 4.881000042 -0.006828619167
1.167131662 4.881000042 -0.05539470538
0.8681200743 4.881000042 0.3849677742
0.900039196 4.881000042 0.2848473191
0.9638499618 4.881000042 0.1820955426
1.055979252 4.881000042 0.05543697998
0.9711412191 4.881000042 0.1732593775
1.747098446 4.881000042 0.902469635
1.829389095 4.881000042 0.7974934578
1.8821702 4.881000042 0.6617923379
1.921743035 4.881000042 0.492998302
1.942000389 4.881000042 0.2925343513
0.8732415438 4.881000042 0.4243626595
0.8823177814 4.881000042 0.4868969023
0.9318136573 4.881000042 0.5870794058
1.014089227 4.881000042 0.6854867339
1.107893944 4.881000042 0.7792336345
1.19395566 4.881000042 0.8728624582
1.282114983 4.881000042 0.949667573
1.355059862 4.881000042 1.001571178
1.458177447 4.881000042 1.031920552
1.826113582 4.880999565 0.008018105291
1.66997087 4.881000042 -0.09637824446
1.487044692 4.881000042 -0.1559921354
1.317781329 4.881000042 -0.1321995109
1.626488209 4.881000042 1.009606481
1.911726117 4.881000042 0.1332147717
// Undo: 
26
0.9762870073 4.681000233 0.1420735717
0.971396327 4.681000233 0.246907115
0.9689741135 4.681000233 0.308239907
1.091360211 4.681000233 -0.04979171604
1.15310359 4.68100071 -0.121011816
1.044598341 4.681000233 0.003682810813
1.907576561 4.681000233 0.6425709724
1.844532967 4.681000233 0.7835395336
1.750295877 4.681000233 0.8919407129
1.964941025 4.681000233 0.2887813449
1.949070692 4.68100071 0.4785988629
0.9989585876 4.681000233 0.5254251361
0.9598798752 4.681000233 0.4391570091
0.9531956315 4.681000233 0.3510718346
1.138619661 4.681000233 0.7091906071
1.060597181 4.681000233 0.6177136302
1.307045817 4.681000233 0.8862671256
1.222023726 4.680999756 0.8040565848
1.466058731 4.681000233 0.9992330074
1.373937011 4.681000233 0.9550920129
1.495236278 4.681000233 -0.2119238377
1.678583145 4.68100071 -0.1700063646
1.834498405 4.681000233 -0.07438850403
1.320433617 4.681000233 -0.1929117888
1.636365175 4.681000233 0.9813783169
1.925884724 4.681000233 0.07778275013
// Undo: 
28
0.993717432 4.480999947 0.309612304
0.9639481902 4.480999947 0.2125536799
0.9609620571 4.480999947 0.1011731476
1.022127032 4.480999947 -0.05285519361
1.136635184 4.480999947 -0.1900970936
1.942497849 4.480999947 0.623231709
1.987452507 4.480999947 0.4649097025
2.000137568 4.480999947 0.2831686139
1.760801673 4.480999947 0.8832048178
1.867492795 4.480999947 0.7699539661
1.036647081 4.480999947 0.4876995087
1.095404625 4.480999947 0.56802845
1.116648674 4.480999947 0.5933493376
0.9951390028 4.480999947 0.3157541156
1.012566328 4.480999947 0.4022657573
1.163529277 4.48099947 0.6554942131
1.370305181 4.480999947 0.8853203058
1.397347808 4.480999947 0.9219691157
1.481392264 4.480999947 0.9762040973
1.334599257 4.480999947 0.8391929269
1.248645425 4.480999947 0.7515767217
1.500583172 4.480999947 -0.2669219673
1.319110274 4.480999947 -0.2548837364
1.246927261 4.480999947 -0.2294365168
1.851939201 4.480999947 -0.1489702165
1.687417388 4.480999947 -0.238795042
1.646769404 4.480999947 0.9599269629
1.963205338 4.480999947 0.03294957802
// Undo: 
24
0.9147562981 4.281000137 0.0743277669
0.9195524454 4.281000137 0.1914224774
0.9562979937 4.281000137 0.2926210761
1.116117597 4.281000137 -0.2690574825
0.9779567719 4.281000137 -0.1055461392
1.986688852 4.281000137 0.6039731503
2.037889957 4.281000137 0.4520789385
2.046878338 4.281000137 0.2748751938
1.774692059 4.281000137 0.8765981197
1.894998074 4.281000137 0.7572509646
1.028282642 4.281000137 0.4830187857
1.096881509 4.281000137 0.5769940019
1.175322652 4.281000137 0.6681981087
0.9870735407 4.281000137 0.3908987641
1.351282001 4.281000137 0.8207497597
1.416472673 4.281000137 0.9000380039
1.499156594 4.281000137 0.9519343376
1.263752103 4.281000137 0.7485454679
1.504095912 4.281000137 -0.3226292431
1.306860089 4.281000137 -0.3219804764
1.880035996 4.281000137 -0.2123386115
1.69677949 4.281000137 -0.300568223
1.650544286 4.281000137 0.9424292445
2.027040243 4.281000137 0.0006624452071
// Undo: 
24
0.9280428886 4.080999851 0.2792681456
0.8923715949 4.080999851 0.1769067645
0.8930313587 4.081000328 0.05745538324
0.9560420513 4.080999851 -0.1328386962
1.107656956 4.080999851 -0.2961860895
2.088648796 4.080999851 0.2517265081
2.083705664 4.080999851 0.4302642047
2.027066708 4.080999851 0.5815703869
1.922688484 4.080999851 0.741065979
1.79280591 4.080999851 0.8661078215
1.186764598 4.080999851 0.6902183294
1.099061131 4.080999851 0.5899975896
1.02095592 4.080999851 0.4827370048
0.9667322636 4.080999851 0.3833767772
1.518373966 4.080999851 0.9302722812
1.435356379 4.080999851 0.8819856644
1.365777016 4.080999851 0.8089177608
1.277378678 4.081000328 0.7545125484
1.299634457 4.081000328 -0.3572198451
1.507693052 4.080999851 -0.3637022674
1.704565406 4.080999851 -0.3452581167
1.904011726 4.080999851 -0.2571125329
1.658024073 4.080999851 0.9248518944
2.085054398 4.080999851 -0.03054502234
// Undo: 
26
1.043338656 3.881000042 -0.2553386092
1.101108193 3.880999804 -0.3158977032
0.9048417807 3.881000042 0.2678173184
0.8770442605 3.881000042 0.1658978909
0.8899208903 3.881000042 0.04588555545
0.9443290234 3.881000042 -0.1505426615
2.061715126 3.88100028 0.5534626842
2.119578362 3.881000042 0.3934757411
2.11994338 3.881000042 0.2092473805
2.108567953 3.881000042 -0.06402605027
1.917674065 3.881000042 -0.2826485634
1.812297821 3.881000042 0.8520421386
1.949658513 3.881000042 0.7209430933
1.199157 3.881000042 0.7145258188
1.108619809 3.881000042 0.6134935617
1.101700664 3.881000042 0.6056427956
1.014093757 3.881000042 0.4844248295
0.9490118623 3.881000042 0.377810955
1.291117072 3.881000042 0.7625142932
1.379435778 3.881000042 0.7997264862
1.453722119 3.881000042 0.8657772541
1.537930608 3.881000042 0.9098055959
1.711459756 3.881000042 -0.3719059229
1.511978507 3.881000042 -0.3902569413
1.295732141 3.881000042 -0.383856535
1.668423533 3.881000042 0.9063589573
// Undo: 
26
1.109819651 3.680999994 -0.3144937754
0.9716324806 3.680999994 -0.1474216133
0.919154644 3.680999756 0.04821954668
0.9057624936 3.680999756 0.1657873839
0.9303999543 3.680999994 0.2647781968
2.135127306 3.680999994 0.1383051425
2.13872242 3.680999994 0.332457602
2.100908995 3.680999994 0.4634054303
2.085821867 3.680999994 0.5147451162
1.91912365 3.680999994 -0.2848479748
2.087753773 3.680999994 -0.100155443
1.835939765 3.680999994 0.8265004754
1.974828959 3.681000233 0.6914016604
0.9763423204 3.681000233 0.3731142282
1.042901993 3.681000233 0.4789329767
1.130282521 3.680999756 0.5983474255
1.225138068 3.680999994 0.705085516
1.311274529 3.680999994 0.7503290772
1.394875884 3.680999756 0.7843830585
1.468866348 3.680999756 0.8477653265
1.555431128 3.680999994 0.8895816207
1.667827487 3.680999994 -0.3719761968
1.717046022 3.680999994 -0.3690030873
1.518608212 3.681000233 -0.3797888756
1.311875701 3.680999756 -0.3885984421
1.689523101 3.680999994 0.8836516142
// Undo: 
24
0.9525934458 3.480999947 0.05234119296
1.003923893 3.480999947 -0.1399777085
1.122826815 3.480999947 -0.3048120439
0.9624146223 3.480999947 0.2627609074
0.9397990704 3.481000185 0.1670580059
2.11965704 3.480999947 0.04467319697
2.134079933 3.480999947 0.269502759
2.090072632 3.480999947 0.4848185182
1.916337371 3.480999947 -0.2599490881
2.046097755 3.480999947 -0.1331611425
1.988058686 3.480999947 0.664362967
1.853910327 3.480999947 0.7997210026
1.074939609 3.480999947 0.4727708697
1.008562803 3.480999947 0.3685832918
1.251079559 3.480999947 0.6934322119
1.159987092 3.480999947 0.5897035003
1.409639597 3.480999947 0.7683656216
1.331105471 3.480999947 0.7366800308
1.570555687 3.480999947 0.8682399988
1.482679129 3.480999947 0.8289161921
1.525653601 3.480999947 -0.3357151151
1.721292019 3.480999947 -0.3332053423
1.330833077 3.480999947 -0.3738710284
1.706842899 3.480999947 0.8597199917
// Undo: 
32
0.9980645776 3.280999899 0.06155513227
1.044835091 3.280999899 -0.1243505627
1.140790939 3.280999899 -0.2855781615
1.004371524 3.280999899 0.262293607
0.9848368168 3.281000137 0.1712317765
2.057874203 3.280999899 -0.04146395624
2.088911057 3.280999899 0.03190050274
2.08763814 3.280999899 0.4630567133
2.116228342 3.280999899 0.2446836084
1.869281292 3.280999899 0.7725855708
1.995492458 3.280999899 0.6401159763
1.11239326 3.280999899 0.4654679894
1.048573971 3.280999899 0.3643549383
1.276936531 3.280999899 0.6770316362
1.192205548 3.280999899 0.5779900551
1.423159361 3.280999899 0.7511088252
1.350275278 3.281000137 0.7200667858
1.582730293 3.280999899 0.845510602
1.494355798 3.280999899 0.8087241054
1.532732844 3.280999899 -0.3011218011
1.716174006 3.280999899 -0.2859643698
1.47031641 3.280999899 -0.3104003072
1.149205446 3.280999899 -0.2882167995
1.85748446 3.281000137 0.7776069641
1.721337795 3.280999899 0.8348732591
2.00231123 3.280999899 -0.1069971994
1.930834055 3.280999899 -0.1768184453
2.048047304 3.280999899 -0.06258308887
1.765828133 3.281000137 -0.285795033
1.837193727 3.281000137 -0.2436625212
1.349684119 3.280999899 -0.3468400538
1.322632313 3.280999899 -0.3418816328
// Undo: 
29
1.045275927 3.08100009 0.2607815266
1.041280389 3.08100009 0.2159302235
1.170179486 3.08100009 -0.2654178143
1.083940387 3.08100009 -0.1043028459
1.046784759 3.08100009 0.07716962695
2.055156231 3.08100009 0.03505401313
2.016078234 3.08100009 -0.05088882893
1.918934107 3.08100009 -0.1272655427
2.074825764 3.08100009 0.4541502297
2.090782881 3.081000328 0.2417898923
1.866324902 3.080999851 0.7520426512
1.988019347 3.08100009 0.6251857281
1.146044731 3.080999851 0.4578116238
1.220425606 3.08100009 0.5638506413
1.299221873 3.08100009 0.6566811204
1.086030006 3.08100009 0.3599265814
1.43470037 3.08100009 0.7320765853
1.504247785 3.080999851 0.7867776155
1.591535926 3.08100009 0.8210959435
1.366727352 3.08100009 0.7003078461
1.758159637 3.08100009 -0.2583643198
1.539831161 3.081000328 -0.2827862203
1.365269184 3.08100009 -0.307344079
1.334465981 3.08100009 -0.2923213243
1.726071835 3.08100009 0.8105623722
1.034825444 3.08100009 0.184356153
1.043723583 3.08100009 0.1011249721
1.23555851 3.080999851 -0.2798818946
1.189844012 3.08100009 -0.271502763
// Undo: 
26
1.099222422 2.881000042 0.09031554312
1.108773708 2.881000042 0.04518684745
1.081033707 2.881000042 0.1861967146
1.085372448 2.881000042 0.2584676147
1.129215002 2.881000042 -0.0659102574
1.213143945 2.881000042 -0.201684922
2.021401405 2.881000042 0.03820753098
1.978432775 2.881000042 -0.04958660528
1.887434363 2.881000042 -0.1205699816
2.062013149 2.881000042 0.4452437162
2.065337181 2.881000042 0.2388961464
1.86336875 2.881000042 0.7314997911
1.980546236 2.881000042 0.6102554798
1.17539978 2.881000042 0.4497558475
1.243675232 2.881000042 0.5466955304
1.316865444 2.881000042 0.6311969757
1.121098638 2.881000042 0.3553113937
1.443715453 2.881000042 0.7107779384
1.512186408 2.881000042 0.7629106641
1.597811699 2.881000042 0.7954155803
1.379526854 2.881000042 0.6763207316
1.739392638 2.881000042 -0.2348525971
1.54692924 2.881000042 -0.2644505799
1.388955832 2.881000042 -0.2808167934
1.231412411 2.881000042 -0.2039824873
1.728062749 2.881000042 0.7864021659
// Undo: 
26
1.265013456 2.680999994 -0.1822813451
1.183346272 2.680999994 -0.05311490223
1.145392656 2.680999994 0.08540157229
1.124180794 2.680999994 0.2559598088
1.123547435 2.680999994 0.1797811389
1.128808618 2.680999756 0.1586402804
1.854216218 2.680999994 -0.1191890016
1.941831112 2.680999994 -0.0516247265
1.993304491 2.680999994 0.04023035616
2.041645288 2.680999994 0.2372868061
2.044916868 2.680999994 0.4413118958
1.968768001 2.680999994 0.5990869403
1.856311321 2.680999994 0.7135257721
1.333100796 2.680999994 0.6061507463
1.265466809 2.680999994 0.5298767686
1.203202128 2.681000233 0.4419014454
1.15473032 2.680999994 0.3507053256
1.602835655 2.680999994 0.7710507512
1.519156218 2.680999994 0.740021646
1.451977968 2.680999994 0.6902077198
1.391265988 2.680999994 0.6529135704
1.551949501 2.680999994 -0.2523114681
1.718628168 2.680999994 -0.2183097005
1.348213196 2.680999994 -0.2228612006
1.411513805 2.680999994 -0.2573262751
1.727519393 2.680999994 0.764167428
// Undo: 
24
1.184838295 2.480999947 0.07854783535
1.23295939 2.480999947 -0.05576615781
1.311900258 2.480999947 -0.1778707057
1.161304474 2.480999947 0.2531985044
1.161174774 2.480999947 0.1723439991
1.818682671 2.480999947 -0.1249683052
1.906245351 2.480999947 -0.0569123216
1.966470242 2.480999947 0.04200087488
2.018215895 2.480999947 0.2358695865
2.027318478 2.480999947 0.4379631877
1.955869913 2.480999947 0.5888966918
1.847380638 2.480999947 0.6967248917
1.346687555 2.480999947 0.5819282532
1.284641504 2.480999947 0.5136615634
1.22842741 2.480999947 0.434381187
1.186252236 2.480999947 0.3461126685
1.606194019 2.480999947 0.7484362721
1.524522066 2.480999947 0.7187515497
1.45885694 2.480999947 0.6709765196
1.400982738 2.480999947 0.6306125522
1.556647658 2.480999947 -0.2411329895
1.696727753 2.480999947 -0.2057292759
1.431542397 2.480999947 -0.2406415194
1.724904537 2.480999947 0.7435068488
// Undo: 
24
1.941923618 2.280999899 0.04464168102
1.872866154 2.281000137 -0.06185746565
1.784294367 2.280999899 -0.1317910552
1.675468087 2.280999899 -0.1965569854
1.560290933 2.280999899 -0.2323931456
1.351878643 2.280999899 -0.1784791946
1.275282621 2.281000137 -0.06274814904
1.221636653 2.280999899 0.06827104092
1.197275639 2.280999899 0.1638884544
1.196300864 2.280999899 0.2503095567
2.009705305 2.280999899 0.4352886081
1.996563673 2.280999899 0.2357706428
1.838432193 2.280999899 0.6813954711
1.942589283 2.280999899 0.5799251795
1.216081023 2.280999899 0.3415857255
1.252341747 2.280999899 0.4272964597
1.302818775 2.280999899 0.4992114007
1.359567642 2.280999899 0.5605651736
1.41027379 2.280999899 0.6106567979
1.465492845 2.280999899 0.6533372402
1.529652953 2.280999899 0.699400723
1.609216809 2.280999899 0.7280670404
1.450027466 2.280999899 -0.2273972481
1.722111344 2.280999899 0.7248046994
// Undo: 
24
1.927819252 2.08100009 0.0512551479
1.851209879 2.08100009 -0.06498330832
1.756569862 2.08100009 -0.1446847916
1.657934904 2.08100009 -0.2072136998
1.558130741 2.08100009 -0.2370665371
1.374806166 2.08100009 -0.1826588213
1.304270267 2.08100009 -0.07586268336
1.253521442 2.080999851 0.04550430924
1.227361202 2.08100009 0.1514206529
1.22322011 2.08100009 0.2469359934
1.992047906 2.08100009 0.4346494079
1.981312394 2.08100009 0.2404197454
1.829424381 2.08100009 0.6709110737
1.928138494 2.081000328 0.5746783018
1.239403129 2.08100009 0.3373110592
1.271055698 2.08100009 0.4219388664
1.316876173 2.08100009 0.4920529127
1.369452 2.08100009 0.5513264537
1.417815208 2.081000328 0.6003430486
1.471173644 2.08100009 0.6419516802
1.53388238 2.08100009 0.6874089241
1.610990882 2.08100009 0.7160482407
1.460726738 2.08100009 -0.2315090299
1.718693495 2.08100009 0.712967515
// Undo: 
26
1.913715005 1.881000042 0.05786862224
1.829553366 1.880999923 -0.06810914725
1.728845239 1.881000042 -0.157578513
1.640401721 1.881000042 -0.2178704143
1.555970669 1.881000042 -0.2417399287
1.283412218 1.881000042 0.02358191647
1.330860615 1.881000042 -0.08906309307
1.395107269 1.881000161 -0.1878765374
1.24926579 1.881000042 0.2435004264
1.255994201 1.881000042 0.1390506774
1.968904853 1.881000161 0.3089929521
1.974318504 1.880999923 0.4341732264
1.966061115 1.880999923 0.2450688332
1.913571835 1.881000161 0.5697167516
1.820269108 1.881000042 0.6608278751
1.289111733 1.881000042 0.4167682528
1.261944652 1.881000042 0.3330961764
1.378925681 1.881000042 0.5429297686
1.330404758 1.881000161 0.4854151011
1.476676345 1.881000042 0.6312678456
1.425056934 1.881000042 0.5907994509
1.61259675 1.881000042 0.7046986818
1.537940025 1.880999923 0.6761003733
1.470782638 1.881000042 -0.2365844548
1.519444823 1.881000042 -0.2391573787
1.715122104 1.881000042 0.7016655803
// Undo: 
24
1.706890583 1.680999994 -0.1721310616
1.816617727 1.680999994 -0.07312479615
1.91223824 1.680999994 0.06333638728
1.547136426 1.680999994 -0.2624568939
1.621795297 1.680999994 -0.2377075255
1.307841182 1.680999994 0.003972023726
1.350890398 1.680999994 -0.1024984717
1.408215523 1.680999994 -0.1959372014
1.267926693 1.680999994 0.239540711
1.278402328 1.680999994 0.1270999908
1.956362009 1.680999994 0.2516107261
1.954594135 1.680999994 0.4382129908
1.896907091 1.680999994 0.5699246526
1.808924437 1.680999994 0.6567134857
1.301928043 1.680999994 0.4130855203
1.278184652 1.680999994 0.3293635547
1.384906769 1.680999994 0.5416898727
1.339543581 1.680999994 0.4830970764
1.480819225 1.680999994 0.6259379387
1.429863572 1.680999994 0.5875124931
1.612885475 1.680999994 0.6985874176
1.540668726 1.680999994 0.6700847149
1.47478652 1.680999994 -0.2507220805
1.709958553 1.680999994 0.6959146261
// Undo: 
27
1.912419796 1.481000066 0.0691197589
1.804332614 1.480999947 -0.0781159699
1.784258485 1.480999947 -0.0964217335
1.68510437 1.480999947 -0.1867320985
1.53779006 1.480999947 -0.2844051123
1.603127241 1.480999947 -0.258071363
1.385710597 1.480999947 -0.1418101788
1.370900631 1.480999947 -0.1158093587
1.332327843 1.480999947 -0.01523406897
1.300475597 1.480999947 0.1149784997
1.285687208 1.480999947 0.2348554879
1.421323776 1.480999947 -0.2039978653
1.935765505 1.480999947 0.44163239
1.947478056 1.480999947 0.2581709027
1.799603939 1.481000066 0.6506071091
1.881676674 1.480999947 0.5685458779
1.293568015 1.480999947 0.3252993524
1.314244509 1.480999947 0.4093618691
1.348510981 1.480999947 0.480735302
1.390926003 1.480999947 0.5403544307
1.434513927 1.480999947 0.5841192007
1.484577656 1.480999947 0.6205815673
1.543152571 1.480999947 0.6646844745
1.613158464 1.480999947 0.6936661005
1.478790522 1.480999947 -0.2648596764
1.7049793 1.480999947 0.6907343268
1.79783392 1.480999947 0.6526969671
// Undo: 
26
1.925364256 1.281000018 0.08386284113
1.813798904 1.281000018 -0.06060118973
1.6910851 1.280999899 -0.1693500727
1.670210481 1.281000018 -0.1959958524
1.594679356 1.281000137 -0.2602523565
1.529665947 1.281000137 -0.2849713564
1.424610972 1.281000018 -0.1894116551
1.388257265 1.281000018 -0.1122790426
1.358514786 1.281000018 -0.02256925032
1.31574738 1.281000018 0.09938885272
1.287614465 1.281000018 0.2174109071
1.931610346 1.281000018 0.4348902106
1.950759649 1.281000018 0.2644593418
1.832761526 1.281000018 0.6026973128
1.892294645 1.281000018 0.5385784507
1.293929935 1.281000018 0.3154212236
1.317317605 1.281000018 0.4048805237
1.354013562 1.280999899 0.4774887562
1.397773504 1.281000018 0.5369415283
1.435935259 1.281000018 0.5785300136
1.480974078 1.281000018 0.6147173643
1.541069865 1.281000137 0.6707612276
1.61314702 1.281000018 0.7103838921
1.474580765 1.281000018 -0.2557577193
1.703581691 1.281000018 0.6966480017
1.792078495 1.281000137 0.6507333517
// Undo: 
30
1.823964834 1.08100009 -0.04508223385
1.939305186 1.08099997 0.09753526747
1.588692665 1.08099997 -0.2663901746
1.65812254 1.08099997 -0.2082138509
1.404083371 1.08099997 -0.1107295007
1.427492142 1.08099997 -0.1779056489
1.326593876 1.08099997 0.0864277482
1.955780983 1.08099997 0.2713469565
1.930727243 1.08099997 0.4306178689
1.90391326 1.08099997 0.5132786036
1.865253448 1.08099997 0.5635184646
1.313999891 1.08100009 0.4094991088
1.287340641 1.08099997 0.3136956096
1.396349072 1.08100009 0.5396555662
1.35229969 1.08099997 0.4821897149
1.472096205 1.08100009 0.6217693686
1.43049407 1.08099997 0.5820902586
1.614776015 1.08099997 0.7320817709
1.536818981 1.08099997 0.6864872575
1.470258713 1.08099997 -0.2511714101
1.790334463 1.08099997 0.6580545306
1.705513358 1.08099997 0.709554553
1.664355636 1.08099997 -0.1997694522
1.844344258 1.08099997 0.5978019238
1.823789597 1.08099997 0.6230201125
1.69852519 1.08099997 -0.1541440934
1.522327542 1.08099997 -0.2919417024
1.381342411 1.08099997 -0.03044909611
1.283004045 1.08099997 0.206732884
1.689546824 1.08099997 -0.1668922901
// Undo: 

icurve=42;