36
-0.14261204 9.281000137 -0.492833972
-0.1586378664 9.281000137 -0.600615263
-0.2817517817 9.281000137 -0.9106693864
-0.03209236264 9.281000137 0.1048791856
-0.0641977936 9.281000137 -0.03633400798
-0.06809114665 9.281000137 -0.04515746608
-1.766612291 9.281000137 0.8606507778
-1.28958118 9.281000137 -1.020571113
-1.493802786 9.281000137 -0.8025800586
-0.8608771563 9.281000137 -1.142196298
-0.2595968843 9.281000137 0.8219822645
-0.2207355946 9.281000137 0.759309411
-1.376040697 9.281000137 1.119236231
-0.4830343127 9.281000137 -1.038229942
-0.9954439998 9.281000137 1.125421643
-1.523789763 9.281000137 -0.7611294985
-0.1102608219 9.281000137 -0.2231208086
-0.06499126554 9.281000137 0.3319911361
-0.1316461116 9.281000137 0.5539120436
-1.924847126 9.281000137 0.6388194561
-2.014210224 9.281000137 0.3623520136
-1.980250716 9.281000137 0.01389022265
-1.905862331 9.281000137 -0.1356090456
-1.803757906 9.281000137 -0.3338676989
-1.059275746 9.281000137 -1.13967371
-0.6719862223 9.281000137 -1.096320868
-0.3150237203 9.281000137 0.9095089436
-0.4706602991 9.281000137 0.9863891006
-0.6488636732 9.281000137 1.056447148
-1.567646742 9.281000137 1.0340482
-1.703215241 9.281000137 -0.475573957
-1.100911617 9.281000137 1.143959761
-1.1878016 9.281000137 1.15107429
-1.270472527 9.281000137 1.153242588
-0.8079330921 9.281000137 1.108820438
-1.663889647 9.281000137 -0.5526574254
// Undo: select -r RightLeg 
36
-0.2955487669 9.081000328 -0.3378458023
-0.2996900082 9.080999374 -0.3617285192
-0.3801441193 9.081000328 -0.6895071864
-0.1049009487 9.081000328 0.367703855
-0.0886117667 9.081000328 0.1576293111
-0.1496321559 9.081000328 0.5724679828
-0.123952955 9.081000328 0.02298992313
-0.1258782595 9.080999374 0.01429120637
-0.1953590512 9.081000328 -0.1448762715
-2.024930477 9.081000328 0.4000689685
-1.938768744 9.081001282 0.6650081873
-1.786142588 9.081000328 0.8762248755
-1.998991609 9.081001282 0.04131836817
-2.006800413 9.081000328 0.05843542516
-1.841455221 9.081000328 -0.28693524
-1.536670446 9.081000328 -0.682315588
-1.328507543 9.081000328 -0.8920131922
-1.098926783 9.081000328 -1.020607471
-0.8941324949 9.081000328 -1.014652133
-0.7056241035 9.081000328 -0.944978714
-0.6204936504 9.081000328 1.042926311
-0.4509622157 9.081000328 0.9737042785
-0.3921970129 9.081000328 0.9353331327
-0.2145518214 9.081000328 0.7466036081
-1.593871593 9.081000328 1.05801487
-1.402953029 9.081000328 1.140576601
-0.5365251303 9.081000328 -0.8578566909
-1.731740236 9.081000328 -0.4457507432
-1.603582263 9.081000328 -0.5847496986
-1.701768398 9.080999374 -0.4881206751
-1.175332189 9.081000328 1.175172806
-1.07135129 9.081000328 1.155326366
-0.9563875198 9.081000328 1.122787714
-1.279648185 9.081000328 1.178079844
-0.7700150013 9.081000328 1.101114869
-0.3055262566 9.081000328 0.8796549439
// Undo: 
36
-0.2400874496 8.880999565 -0.1007109135
-0.1702483445 8.880999565 0.04844872653
-0.1610916406 8.880999565 0.08732782304
-0.1304449886 8.880999565 0.2013101578
-0.3940658271 8.880999565 -0.341114372
-0.3486198485 8.880999565 -0.2827787995
-0.4776738882 8.881000519 -0.4768336415
-1.798202276 8.880999565 0.8915430307
-1.946289301 8.880999565 0.6896665096
-2.032309055 8.880999565 0.4344031215
-2.032509565 8.880999565 0.1981053352
-1.872559786 8.880999565 -0.2450494468
-2.029976368 8.880999565 0.108776398
-0.7463126183 8.880998611 -0.7480909228
-0.9386410117 8.880999565 -0.8238294125
-1.152706981 8.880999565 -0.8346186876
-1.565844536 8.880999565 -0.6010775566
-1.523795724 8.880999565 -0.6270132661
-1.369229317 8.880999565 -0.7421235442
-0.3002550602 8.880999565 0.8563152552
-0.2150363624 8.880999565 0.7310619354
-0.1625676602 8.880999565 0.5794752836
-0.6028270721 8.880999565 1.026970625
-0.4401259422 8.880999565 0.9526658058
-1.429021835 8.880999565 1.159286022
-1.615985155 8.880999565 1.080367923
-0.6020928621 8.880999565 -0.6367131472
-1.714681029 8.880999565 -0.4711413682
-1.729524255 8.880999565 -0.4578202069
-0.919238925 8.880999565 1.116635561
-1.044321775 8.880999565 1.163454652
-1.166399479 8.880999565 1.197391748
-1.290251374 8.880999565 1.200890779
-0.6268087626 8.880999565 1.03619957
-0.7540012598 8.880999565 1.083760858
-0.1308984756 8.880999565 0.3939601183
// Undo: 
36
-0.2619835138 8.680999756 -0.08158884197
-0.3615763783 8.680999756 -0.2583534122
-0.4865435362 8.680999756 -0.43428123
-0.1641144753 8.680999756 0.186550945
-0.1522562057 8.680999756 0.2351149917
-0.1912140995 8.680999756 0.07374790311
-2.032762527 8.680999756 0.463955164
-1.94891715 8.680999756 0.7100442648
-1.80895257 8.680999756 0.9060283899
-2.040668964 8.680999756 0.3275101781
-2.045589447 8.680999756 0.1570985466
-1.893825293 8.680999756 -0.2102034539
-1.237046361 8.680999756 -0.7411975265
-1.390438557 8.680999756 -0.6936050057
-1.57917285 8.680999756 -0.5730625391
-1.182168365 8.680999756 -0.7594894171
-0.9626597166 8.680999756 -0.7586609721
-0.7610486746 8.680999756 -0.6989784837
-0.1752375513 8.680999756 0.5717744231
-0.2214562148 8.680999756 0.7115895748
-0.3001531363 8.680999756 0.8317247629
-0.4368038177 8.680999756 0.9289544225
-0.5957381129 8.680999756 1.007879019
-1.636644363 8.680999756 1.092091441
-1.455261946 8.680999756 1.171612859
-0.5172350407 8.680999756 -0.4711958766
-0.6137868762 8.680999756 -0.586114049
-1.750867367 8.680999756 -0.4211623371
-1.737802505 8.680999756 -0.4327183366
-1.16450274 8.680999756 1.222246885
-1.022580385 8.680999756 1.167802215
-0.8860955238 8.680999756 1.103628635
-1.305487752 8.680999756 1.222450614
-0.7446098924 8.680999756 1.062146783
-0.7267843485 8.680999756 1.055636525
-0.1486825645 8.680999756 0.4088097513
// Undo: 
36
-0.4819498658 8.480999947 -0.4093787372
-0.3671073914 8.480999947 -0.2452826798
-0.2756279707 8.480999947 -0.07555729151
-0.208132863 8.480999947 0.08885806799
-0.1696879864 8.480999947 0.2560763359
-1.817336559 8.480999947 0.9200458527
-1.9478755 8.480999947 0.726121664
-2.026262999 8.480999947 0.4851692915
-2.034116745 8.480999947 0.3787377179
-1.906036377 8.480999947 -0.1741782576
-2.047000408 8.480999947 0.1809608936
-1.59899044 8.480999947 -0.5350494385
-1.416653633 8.480999947 -0.6646405458
-1.213850617 8.480999947 -0.7356152534
-1.044671059 8.480999947 -0.7328001857
-0.7694222927 8.480999947 -0.6728125811
-0.98368752 8.480999947 -0.7321279645
-0.3082171977 8.480999947 0.7939225435
-0.2376440465 8.480999947 0.6851782799
-0.1970265508 8.480999947 0.5593348145
-0.5966546535 8.480999947 0.9883772135
-0.4419718385 8.480999947 0.8968873024
-1.479753137 8.480999947 1.178672552
-1.654684067 8.480999947 1.098041892
-0.6685720086 8.480999947 -0.5989469886
-0.6118997335 8.4810009 -0.5577472448
-1.772444963 8.480999947 -0.3791283965
-1.769310355 8.480999947 -0.3837733567
-0.8576484919 8.480999947 1.080496788
-1.007699609 8.480999947 1.168893695
-1.170103908 8.480999947 1.249190688
-1.324352264 8.480999947 1.24189806
-0.7263412476 8.480999947 1.039353728
-0.7280277014 8.480999947 1.040015817
-0.1687805206 8.480999947 0.4140973389
-0.169606626 8.480999947 0.2603257895
// Undo: 
34
-0.3012829125 8.281000137 -0.07014755905
-0.3860068917 8.281000137 -0.2302967608
-0.4938360453 8.281000137 -0.3831810057
-0.1957245171 8.281000137 0.255389601
-0.2355510592 8.281000137 0.09324333072
-2.01794529 8.281000137 0.5041169524
-2.026431561 8.281000137 0.3883858323
-1.944651842 8.281000137 0.7411304116
-1.818590403 8.281000137 0.9328471422
-2.041158676 8.281000137 0.1990392357
-1.910436869 8.281000137 -0.1316948533
-1.247068882 8.281000137 -0.7146645784
-1.4487679 8.281000137 -0.6314498782
-1.629901767 8.281000137 -0.4918093681
-0.7795832753 8.281000137 -0.6418138146
-1.006672144 8.281000137 -0.7076935768
-0.2388174832 8.281000137 0.5475538373
-0.2659682035 8.281000137 0.6526364684
-0.3229218125 8.281000137 0.744291544
-0.455037415 8.281000137 0.8592805862
-0.6077628136 8.281000137 0.9691890478
-0.720410645 8.281000137 1.016146421
-0.8355745077 8.281000137 1.054845095
-0.7060360909 8.281000137 1.010084271
-1.184542537 8.281000137 1.265483856
-0.9924345613 8.281000137 1.16734159
-1.667199612 8.281000137 1.10613811
-1.501574039 8.281000137 1.184241891
-0.6188856363 8.281000137 -0.5281816125
-1.79063797 8.281000137 -0.3391645551
-1.787129164 8.281000137 -0.3426374793
-1.357126236 8.281000137 1.254751444
-0.2042686045 8.281000137 0.4082063437
-0.1958601028 8.281000137 0.2590732872
// Undo: 
35
-0.5238069296 8.081000328 -0.3480376303
-0.4226644039 8.081000328 -0.2082682401
-0.3427031636 8.081000328 -0.06259931624
-0.2735880017 8.081000328 0.09213545173
-0.230456844 8.081000328 0.2471009642
-2.014102936 8.081000328 0.5264593363
-2.031090736 8.081000328 0.3569402695
-1.910870433 8.081000328 -0.07752674818
-2.039127827 8.081000328 0.2652172446
-1.815554857 8.081000328 0.9485782981
-1.940652728 8.081000328 0.7577099204
-1.664843678 8.081000328 -0.4411931336
-1.485999823 8.081000328 -0.5869101882
-1.280650616 8.081000328 -0.6780454516
-1.029924393 8.081000328 -0.6727136374
-0.7942250371 8.081000328 -0.6056717038
-0.6326782107 8.081000328 0.9512473345
-0.4690132439 8.081000328 0.8255534172
-0.3366382122 8.081000328 0.6919853687
-0.2469825894 8.081000328 0.4040454328
-0.2846492529 8.081000328 0.5499286652
-0.2313320488 8.081000328 0.2561790049
-0.8172745705 8.081000328 1.036986709
-0.7215433717 8.081000328 0.9977641702
-0.7072868943 8.081000328 0.9900849462
-0.9817595482 8.080999374 1.170536757
-1.211669922 8.081000328 1.274634242
-1.512554765 8.081000328 1.189667225
-1.672753811 8.081000328 1.116887689
-0.6399259567 8.081001282 -0.4908018708
-1.780650735 8.081000328 -0.3176869154
-1.808213234 8.081000328 -0.2860413194
-1.392110825 8.081000328 1.264849067
-0.2956159711 8.081000328 0.6050914526
-0.3080832362 8.081000328 0.6443744898
// Undo: 
34
-0.2862403691 7.881000042 0.2447955459
-0.325548172 7.881000042 0.09165655077
-0.3911724687 7.881000519 -0.05540179461
-0.4642314315 7.881000519 -0.1890560538
-0.5587663651 7.881000519 -0.3167982101
-2.012132883 7.881000042 0.549623549
-1.939791918 7.880999565 0.7787191272
-1.816197753 7.881000519 0.9719130397
-2.033057928 7.881000042 0.393630445
-2.039007664 7.881000042 0.3462430835
-1.912022829 7.881000042 -0.01016714144
-0.8220965266 7.880999565 -0.569008708
-1.059098482 7.881000042 -0.628018856
-1.310004711 7.881000042 -0.6215422153
-1.513622284 7.880999565 -0.5241271257
-1.685858488 7.881000042 -0.3768338263
-0.3498800397 7.881000042 0.6395107508
-0.4830192626 7.881000042 0.7920119762
-0.653142035 7.881000042 0.9281240106
-0.3275515139 7.881000042 0.5683428645
-0.2895850241 7.881000042 0.4059349
-0.2887380719 7.881000042 0.335639745
-0.7669710517 7.880999565 1.00406456
-0.8254925609 7.881000042 1.038036704
-0.7363165617 7.880999565 0.9874087572
-0.8346895576 7.880999565 1.042192936
-1.009479046 7.880999565 1.186771393
-1.244693995 7.881000042 1.289713383
-1.66777122 7.881000042 1.136761308
-1.504256487 7.881000519 1.204519153
-0.671372056 7.881000519 -0.4557183981
-1.816319704 7.881000042 -0.2164995372
-1.714938521 7.880999565 -0.3418239057
-1.395306587 7.881000042 1.273200393
// Undo: 
33
-0.4417114258 7.680999756 -0.04719702899
-0.3819023371 7.68100071 0.09388897568
-0.345636934 7.681000233 0.2463449836
-0.5946410894 7.68100071 -0.2907378078
-0.5066524148 7.680999756 -0.1722235978
-1.818091512 7.681000233 0.998649478
-1.941174269 7.681000233 0.8027360439
-2.014556885 7.681000233 0.5727891326
-2.015060902 7.681000233 0.5606905222
-1.914289832 7.680999756 0.05355211347
-2.027727127 7.680999756 0.3610706925
-1.6987499 7.681000233 -0.3095197976
-1.695477724 7.681000233 -0.3122216463
-1.333678484 7.681000233 -0.5488743186
-1.095076084 7.681000233 -0.5736343265
-0.865734458 7.681000233 -0.5331385732
-1.531840563 7.68100071 -0.4512679577
-0.3508543968 7.68100071 0.4981609583
-0.3695222437 7.681000233 0.5866854191
-0.652348578 7.681000233 0.8914855719
-0.4934086502 7.680999756 0.7489801645
-0.3339499533 7.681000233 0.4160549939
-0.8103833199 7.681000233 1.03319633
-0.7269024253 7.68100071 0.9687146544
-0.9115461111 7.680999756 1.078911901
-1.024859667 7.681000233 1.176942468
-1.063138962 7.68100071 1.209588766
-1.276962161 7.68100071 1.298256278
-1.490793824 7.68100071 1.213674068
-1.659802437 7.680999756 1.155274034
-0.7111258507 7.68100071 -0.4255476296
-1.823855042 7.681000233 -0.1486528665
-1.393177986 7.680999756 1.273347259
// Undo: 
35
-0.4911541939 7.480999947 -0.03618991375
-0.548894763 7.480999947 -0.1552685797
-0.6309534311 7.480999947 -0.2666416764
-0.4036195874 7.480999947 0.2562801242
-0.4371681809 7.480999947 0.1047663614
-1.82018733 7.480999947 1.02888453
-1.920776844 7.480999947 0.8628770113
-1.941886425 7.480999947 0.8285286427
-2.014556885 7.480999947 0.5972653627
-2.015583992 7.480999947 0.3706943989
-1.917541146 7.480999947 0.1120525748
-1.353595972 7.480999947 -0.484293431
-1.548968554 7.480999947 -0.3901969492
-1.715797424 7.480999947 -0.2528274059
-0.9115716815 7.480999947 -0.4954939783
-1.12921083 7.480999947 -0.5197572708
-0.4051926732 7.480999947 0.5356410146
-0.3836368918 7.480999947 0.3984878361
-0.4472820461 7.480999947 0.6040220261
-0.4989701509 7.480999947 0.6964328885
-0.6440689564 7.481000423 0.8494095206
-0.7151556015 7.480999947 0.947004199
-0.7962707281 7.480999947 1.027364731
-1.127303123 7.480999947 1.229126453
-1.007331133 7.480999947 1.126636982
-1.219790936 7.480999947 1.26283443
-1.652881145 7.480999947 1.171893239
-1.473152518 7.480999947 1.217663884
-0.7521669269 7.480999947 -0.3955008984
-1.834427595 7.480999947 -0.08850174397
-1.834386349 7.481000423 -0.08855956793
-1.304690957 7.48099947 1.290073156
-1.38749373 7.480999947 1.263722658
-0.8701902628 7.480999947 1.076468229
-0.9243991375 7.480999947 1.102137923
// Undo: 
36
-0.6677274108 7.281000137 -0.2435459048
-0.5896738172 7.281000137 -0.1374573857
-0.5373497009 7.281000137 -0.02147596143
-0.4891803265 7.281000137 0.1224047691
-0.4585369229 7.281000137 0.269107163
-1.821144104 7.281000137 1.066532731
-1.880692005 7.281000137 0.9586562514
-2.002352476 7.281000137 0.6259490252
-1.934285998 7.281000137 0.8623539805
-1.929754138 7.281000137 0.1893327832
-2.003471613 7.281000137 0.3916396499
-1.92159915 7.281000137 0.1680404544
-1.731207132 7.281000137 -0.20022735
-1.56529963 7.281000137 -0.3347498775
-1.371654272 7.281000137 -0.4279355705
-1.158956528 7.28099966 -0.4695429206
-0.9528440833 7.281000614 -0.4548917711
-0.5550596118 7.28099966 0.706864357
-0.6328583956 7.281000137 0.8048061132
-0.4340234101 7.281000137 0.380272001
-0.4442382157 7.281000137 0.4897861481
-0.5030236244 7.281000137 0.6437963843
-0.7869383097 7.281000137 1.024950862
-0.7048235536 7.281000137 0.9311600924
-0.6348555684 7.281000137 0.8118045926
-1.050299168 7.281000137 1.155554056
-0.9155463576 7.281000137 1.109864354
-1.44730401 7.281000137 1.221773863
-1.656850219 7.281000137 1.186995029
-0.7920138836 7.28099966 -0.3643980026
-1.844466567 7.281000137 -0.03295037895
-1.207634091 7.281000137 1.234864831
-1.317112684 7.281000137 1.261833549
-1.204105496 7.281000137 1.233895063
-1.116860986 7.281000614 1.178761721
-1.386954308 7.281000137 1.247044206
// Undo: 
41
-0.6265742779 7.080999851 -0.115730077
-0.5779987574 7.080999374 -0.001928788843
-0.5039104223 7.080999851 0.2732542455
-0.5337982178 7.081000328 0.1397937834
-0.7024023533 7.080999851 -0.2194854617
-0.6271771789 7.080999851 -0.1171580032
-1.817098975 7.080999851 1.094762921
-1.848362923 7.080999374 1.036939144
-1.924053192 7.080999851 0.8914461732
-1.983736992 7.080999851 0.6546939611
-1.991035938 7.081000328 0.4344618618
-1.973380685 7.081000328 0.3766315579
-1.922915578 7.080999851 0.2212332189
-1.389699101 7.080999374 -0.3704331815
-1.580453634 7.080999374 -0.2807965875
-1.743174672 7.080999374 -0.1530041248
-1.139353395 7.080999374 -0.4169541895
-1.186568022 7.080999851 -0.4182362556
-0.9904138446 7.080999851 -0.4114764333
-0.4799048007 7.080999851 0.4555784762
-0.4771575332 7.080999851 0.3620061576
-0.5358043909 7.080999851 0.6149607897
-0.6242779493 7.081000328 0.7621645927
-0.5288076401 7.080999374 0.604070425
-0.9432380795 7.080999374 1.120693922
-1.051541209 7.080999374 1.167309761
-0.6394348145 7.080999374 0.8209207654
-0.7014801502 7.080999851 0.9340896606
-0.78809762 7.080999851 1.027821898
-0.9064239264 7.080999851 1.105467558
-1.651003242 7.080999851 1.195729256
-1.436316371 7.080999374 1.221842885
-0.8289179206 7.080999851 -0.3312468529
-1.852680445 7.081000328 0.0157384295
-1.328155756 7.081000328 1.233340144
-1.270337343 7.080999851 1.220994353
-1.214651823 7.081000328 1.202209234
-1.385027885 7.080999851 1.22970593
-1.128168941 7.080999851 1.18924284
-0.6257714629 7.081000328 0.7729724646
-0.6361075044 7.080999851 0.8091878295
// Undo: 
38
-0.6710630655 6.881000042 -0.1138371527
-0.6524973512 6.881000042 -0.0878276825
-0.6062333584 6.881000042 0.02702533081
-0.7261236906 6.880999565 -0.1909751296
-0.5632322431 6.881000519 0.1549701989
-0.5335316658 6.881000042 0.2722061276
-1.965699196 6.881000519 0.6773785353
-1.973338008 6.881000042 0.5244184732
-1.909680605 6.881000042 0.9087746739
-1.804870367 6.880999565 1.106963396
-1.975928187 6.881000042 0.4721090794
-1.921511889 6.880999565 0.2688502073
-1.75017035 6.880999565 -0.1130286753
-1.594016433 6.881000042 -0.2272051871
-1.41023767 6.881000519 -0.3047499061
-1.404750228 6.880999565 -0.3062639534
-1.021093845 6.881000042 -0.3637518883
-1.212896585 6.881000042 -0.3583800495
-0.5657077432 6.880999565 0.5899544954
-0.6213321686 6.881000042 0.7187965512
-0.5093297362 6.881000519 0.3496208191
-0.5104051828 6.880999565 0.4340963364
-0.5569193959 6.881000042 0.5713575482
-1.050975323 6.881000042 1.173711777
-0.906170249 6.881000042 1.111031294
-0.7903418541 6.881000042 1.033263206
-0.7028940916 6.881000042 0.9336559176
-0.6467960477 6.881000042 0.8220958114
-1.640950561 6.881000042 1.1990695
-1.443906546 6.881000519 1.220329046
-0.8569768667 6.881000042 -0.2940330207
-1.858162165 6.881000042 0.05739036202
-1.34969902 6.880999565 1.220210433
-1.303309441 6.881000519 1.213279247
-1.254291296 6.881000519 1.199003577
-1.395213604 6.881000519 1.223741293
-1.149454236 6.881000042 1.197324157
-0.6305660605 6.881000042 0.7695092559
// Undo: 
39
-0.5564094782 6.681000233 0.2900707722
-0.5829885006 6.681000233 0.1779148281
-0.6252573729 6.680999756 0.05962579697
-0.6718096733 6.681000233 -0.05417387187
-0.6943382621 6.680999756 -0.08564606309
-0.7461958528 6.681000233 -0.1581366658
-1.951585054 6.681000233 0.6896132231
-1.951933861 6.681000233 0.6810611486
-1.914906383 6.681000233 0.3045014143
-1.959351063 6.681000233 0.4948787987
-1.790629506 6.680999756 1.112282276
-1.892799377 6.681000233 0.9185751677
-1.752923012 6.681000233 -0.08043150604
-1.669186115 6.681000233 -0.1343972683
-1.603861332 6.680999756 -0.1775224805
-1.427406788 6.681000233 -0.2394729257
-1.235880971 6.681000233 -0.2979273796
-1.047525644 6.681000233 -0.3140384555
-0.6167036295 6.681000233 0.6695715189
-0.5669869781 6.680999756 0.534422636
-0.5369346142 6.681000233 0.412676096
-0.7924160957 6.681000233 1.039152145
-0.9076942205 6.681000233 1.116461873
-1.050407529 6.681000233 1.180112004
-0.7476321459 6.681000233 0.9819177389
-0.7069647312 6.681000233 0.9294691086
-0.6598417163 6.681000233 0.8070437908
-1.465160012 6.681000233 1.208310366
-1.635607362 6.68100071 1.193596125
-0.8807803392 6.680999756 -0.2537510991
-1.857729554 6.681000233 0.09167590737
-1.281749606 6.681000233 1.192340374
-1.330490112 6.681000233 1.204117417
-1.37184453 6.68100071 1.207862258
-1.412003517 6.68100071 1.213049769
-1.164544582 6.681000233 1.204268694
-0.6363648176 6.681000233 0.7348145247
-0.5442579389 6.681000233 0.330381155
-0.5365374088 6.681000233 0.369083792
// Undo: 
35
-0.611391902 6.480999947 0.1685230881
-0.5979758501 6.480999947 0.2067707032
-0.5773310661 6.481000423 0.3217352033
-0.6386015415 6.480999947 0.09166774154
-0.6905279756 6.480999947 -0.01997251064
-0.770612359 6.480999947 -0.1202309579
-1.934787035 6.480999947 0.6938253045
-1.940724611 6.480999947 0.5108210444
-1.90430057 6.480999947 0.3299000561
-1.774394035 6.480999947 1.110779285
-1.873296976 6.480999947 0.9201835394
-1.072993636 6.480999947 -0.264053762
-1.253533125 6.480999947 -0.2407409251
-1.435127258 6.481000423 -0.1810055524
-1.750378251 6.480999947 -0.05744585395
-1.717059851 6.480999947 -0.0753466934
-1.605355501 6.480999947 -0.1368432343
-0.5632804632 6.480999947 0.3927353919
-0.5825573802 6.480999947 0.502699852
-0.6283483505 6.480999947 0.6310209036
-0.8022705913 6.480999947 1.037964821
-0.9125255346 6.480999947 1.118931174
-1.049837351 6.480999947 1.186509848
-0.6728906631 6.480999947 0.7919917703
-0.7149614096 6.480999947 0.9222153425
-1.501756787 6.480999947 1.184495211
-1.634748578 6.480999947 1.179729939
-0.9070990086 6.480999947 -0.2101298422
-1.847861528 6.480999947 0.1180314571
-1.297057867 6.480999947 1.182228446
-1.350738049 6.480999947 1.193223953
-1.394622207 6.480999947 1.196334839
-1.437808514 6.480999947 1.19590497
-1.172381997 6.480999947 1.209882259
-0.6509248018 6.480999947 0.7057023644
// Undo: 
40
-0.6536712646 6.281000137 0.1219179407
-0.6126725674 6.281000137 0.2408852577
-0.5957741737 6.281000137 0.3624064624
-0.7972216606 6.281000137 -0.08262844384
-0.7109241486 6.281000137 0.01295915246
-1.896778345 6.281000137 0.3587536216
-1.924682021 6.281000137 0.526514709
-1.910781384 6.281000137 0.6882278919
-1.750987172 6.281000137 1.041642666
-1.847401738 6.281000137 0.8787645698
-1.859927893 6.281000137 0.8427135944
-0.6865679026 6.281000137 0.7767958045
-0.7281726599 6.281000137 0.9120196104
-0.8198204637 6.281000137 1.029216528
-1.410295606 6.281000137 1.180330992
-1.415112019 6.281000137 1.179839611
-1.342989206 6.281000137 1.18522048
-1.284402251 6.281000137 1.166683435
-0.93630445 6.281000137 1.108796358
-1.084227562 6.281000137 1.170235157
-1.744993448 6.281000137 -0.03541041911
-1.703545809 6.281000614 -0.05466234684
-1.435184479 6.281000137 -0.1311054081
-1.265514731 6.281000137 -0.1880978346
-1.095407248 6.281000137 -0.2152375579
-1.601498127 6.281000137 -0.1016988456
-0.5922000408 6.28099966 0.3804671168
-0.6078290343 6.281000137 0.4795395434
-0.6514451504 6.281000137 0.5999825597
-1.506045938 6.281000614 1.157218218
-1.544549704 6.281000137 1.139489889
-1.598148584 6.281000137 1.114693284
-0.9335611463 6.281000137 -0.1668278575
-1.838543057 6.281000137 0.1459078789
-0.67057693 6.281000137 0.6798351407
-0.6800057888 6.281000137 0.7380652428
-1.14683342 6.281000137 1.17963779
-1.221697092 6.281000137 1.183359623
-1.605496168 6.281000137 1.114325047
-1.632197976 6.281000137 1.101864576
// Undo: 
35
-0.6309760809 6.080999851 0.3959611654
-0.6418107748 6.081000328 0.2695015371
-0.6782457829 6.080999851 0.1475880742
-0.7392656803 6.080999851 0.03935657069
-0.8263652325 6.080999851 -0.05150941014
-1.868908167 6.081000328 0.7144613266
-1.824395418 6.080999374 0.8325033188
-1.740782738 6.080999851 0.9809262753
-1.882980585 6.080999851 0.6797301173
-1.91067934 6.080999851 0.5404983163
-1.894480228 6.081000328 0.3898205757
-0.6817312241 6.080999851 0.612680912
-0.6430373192 6.081000328 0.4953646064
-0.7141803503 6.080999851 0.7583992481
-0.7604558468 6.080999851 0.8914794922
-0.8520680666 6.080999374 1.00602746
-1.331864834 6.081000328 1.167682648
-1.431417704 6.080999851 1.165473819
-1.249371529 6.080999851 1.143351793
-1.304688454 6.080999851 1.169769645
-1.142427206 6.080999851 1.138518572
-1.041386724 6.080999851 1.106256366
-0.981423974 6.080999851 1.084465265
-1.107135177 6.080999851 -0.1699620783
-1.254990578 6.080999851 -0.1449724734
-1.424781442 6.080999851 -0.09525676072
-1.739444375 6.080999851 0.002360465471
-1.597545385 6.080999851 -0.0736592114
-1.564189672 6.080999851 -0.07761625946
-1.586711884 6.080999851 1.1114645
-0.9463794827 6.080999851 -0.1243544966
-1.075201631 6.081000328 -0.1651995182
-1.836452723 6.080999851 0.1836265922
-0.708589673 6.080999374 0.7254023552
-0.6897241473 6.080999851 0.6471384168
// Undo: 
34
-0.7141363621 5.881000042 0.1667574942
-0.6843036413 5.881000042 0.2952544391
-0.6784694195 5.881000042 0.4302491546
-0.8617711067 5.881000519 -0.0274361372
-0.7787005901 5.881000042 0.05797638744
-1.739864469 5.881000042 0.9465401173
-1.812554121 5.881000042 0.8213723302
-1.845524788 5.881000042 0.7276664972
-1.860767841 5.881000042 0.6867387295
-1.894984484 5.881000042 0.4060224891
-1.898557901 5.881000519 0.5489083529
-0.6882414818 5.881000042 0.5411615372
-0.7197868824 5.881000042 0.6511671543
-0.7938216329 5.881000519 0.8698646426
-0.7417900562 5.881000042 0.7400027514
-0.8866890073 5.881000042 0.9802883863
-1.300617218 5.881000042 1.157483459
-1.320432782 5.881000042 1.165691853
-1.446415544 5.881000519 1.159430385
-1.196443081 5.881000519 1.112444758
-1.173073649 5.881000042 1.099428535
-1.030449629 5.881000042 1.057053089
-1.736958385 5.880999565 0.03874769062
-1.622253895 5.880999565 -0.03374302015
-1.414854765 5.881000042 -0.07215860486
-1.234441042 5.881000042 -0.1139865667
-1.109048128 5.881000042 -0.1333057284
-1.596090794 5.881000042 -0.05026072636
-1.608532667 5.881000042 1.110372066
-1.033117175 5.881000519 -0.1082465202
-0.9512320161 5.881000042 -0.07960022986
-1.83757627 5.880999565 0.2141363323
-1.064529181 5.881000042 -0.1279657185
-1.05902195 5.880999565 -0.1271508634
// Undo: 
36
-0.7279438972 5.681000233 0.4461872578
-0.727886796 5.681000233 0.3084538579
-0.7523396015 5.681000233 0.181635648
-0.8202208877 5.681000233 0.08032031357
-0.90582937 5.68100071 0.001857732888
-1.82686758 5.681000233 0.7511509657
-1.807245255 5.681000233 0.8156780005
-1.745112181 5.681000233 0.9213073254
-1.844507456 5.681000233 0.6975204945
-1.889620304 5.681000233 0.5512911081
-1.89778471 5.680999756 0.4020650983
-0.7693793774 5.681000233 0.7215362191
-0.7388077378 5.681000233 0.5804780126
-0.7693938613 5.681000233 0.7215925455
-0.8293425441 5.681000233 0.8461103439
-0.7693972588 5.680999756 0.7216063142
-0.9256199598 5.681000233 0.9499189854
-1.460591435 5.681000233 1.162158728
-1.344985604 5.681000233 1.170951843
-1.2614007 5.681000233 1.136177659
-1.226867676 5.681000233 1.122612238
-1.100888252 5.68100071 1.047309756
-1.075304985 5.681000233 1.034025788
-1.007258534 5.68100071 0.9919083118
-1.121030807 5.680999756 -0.1059365645
-1.252344489 5.681000233 -0.09328774363
-1.423778296 5.681000233 -0.05425305292
-1.745019913 5.681000233 0.06853397191
-1.656732082 5.681000233 0.01591783389
-1.59947741 5.68100071 -0.01885295101
-1.630536199 5.681000233 1.11008215
-1.006374836 5.68100071 -0.04345282912
-1.053779602 5.681000233 -0.08321766555
-1.844374061 5.681000233 0.227319777
-0.9276920557 5.681000233 -0.01051432919
-0.9846749902 5.681000233 -0.0358075574
// Undo: 
31
-0.7907334566 5.480999947 0.1934601068
-0.7693392634 5.480999947 0.3078764081
-0.7739648819 5.480999947 0.4337932765
-0.9559921026 5.480999947 0.0356137529
-0.8638818264 5.480999947 0.1058193445
-1.903610945 5.480999947 0.3794670701
-1.886268497 5.480999947 0.5431345701
-1.838415623 5.480999947 0.7048555017
-1.759294271 5.480999947 0.9078369737
-1.812451601 5.480999947 0.8117750287
-1.835831165 5.480999947 0.7150793076
-0.8932187557 5.480999947 0.8246974349
-0.9722441435 5.480999947 0.9134268761
-0.814121902 5.480999947 0.6877361536
-0.8757333755 5.480999947 0.8062186241
-0.7836028337 5.480999947 0.5606131554
-1.265867472 5.480999947 1.1471349
-1.364126563 5.480999947 1.18452549
-1.473017931 5.480999947 1.171860576
-1.233175516 5.480999947 1.121306419
-1.117025852 5.480999947 1.033391714
-1.585738659 5.48099947 -0.001964255236
-1.608309031 5.480999947 0.004260125104
-1.759949207 5.480999947 0.08802893758
-1.438049316 5.480999947 -0.0448416546
-1.274540186 5.480999947 -0.07781992853
-1.134839654 5.480999947 -0.08117540181
-1.650275469 5.480999947 1.103074789
-1.051237941 5.480999947 -0.03940145299
-0.9859400392 5.480999947 0.02238914929
-1.856112719 5.480999947 0.2249671221
// Undo: 
30
-0.807466805 5.281000137 0.4164215028
-0.8068156242 5.281000137 0.3001051247
-0.8306854963 5.281000137 0.1989842355
-0.9703954458 5.281000137 0.07982300222
-0.9681042433 5.281000614 0.08139134943
-0.892126143 5.28099966 0.1334463805
-1.843511581 5.281000137 0.7028319836
-1.819748282 5.281000137 0.8095191121
-1.767602921 5.281000137 0.9036566019
-1.913715124 5.281000137 0.3377078176
-1.890808105 5.281000137 0.5243084431
-0.8642969131 5.281000137 0.6597374678
-0.9299836159 5.281000137 0.7687852979
-1.02361238 5.281000137 0.8765622973
-0.8151329756 5.281000137 0.476543963
-0.8232949972 5.281000614 0.5384002328
-1.222608924 5.281000137 1.076430678
-1.290185332 5.281000137 1.135100245
-1.475516677 5.281000137 1.157991171
-1.370749235 5.281000137 1.164738894
-1.159897089 5.281000137 1.018949151
-1.453036189 5.281000137 -0.06900239736
-1.290830731 5.281000137 -0.079613626
-1.14782095 5.281000137 -0.05758046731
-1.784040332 5.281000137 0.08265042305
-1.628920317 5.281000137 -0.01255073119
-1.657812595 5.281000137 1.088799
-1.048288107 5.281000137 0.004419214092
-1.886470437 5.281000137 0.2404025495
-1.874472976 5.281000137 0.1980498731
// Undo: 
29
-0.8317345977 5.080999851 0.4002940059
-0.8497415781 5.080999851 0.2906485796
-0.8958041668 5.080999851 0.1936650872
-1.051812887 5.080999851 0.03455238417
-0.9693489075 5.080999851 0.1209276542
-1.161140919 5.080999374 -0.04333657771
-1.755568147 5.080999851 0.9056810141
-1.822075129 5.080999374 0.8065508008
-1.860167503 5.080999851 0.6833099723
-1.902108073 5.080999374 0.5079963803
-1.925478697 5.080999851 0.3059164286
-0.9003868103 5.080999851 0.6289900541
-0.8524143696 5.080999851 0.5152472258
-1.06940043 5.080999851 0.8344711661
-1.07134378 5.080999851 0.8365163207
-0.9745909572 5.080999851 0.7329214215
-1.176562548 5.080999851 0.9521459341
-1.279394627 5.080999851 1.040687203
-1.357610226 5.080999374 1.084237576
-1.46457386 5.080999851 1.100752115
-1.810418248 5.080999851 0.06465423107
-1.653228283 5.080999851 -0.04236456007
-1.471902728 5.080999851 -0.1086699739
-1.363446712 5.080999851 -0.1004042327
-1.307369232 5.081000328 -0.09684330225
-1.637467146 5.080999374 1.052720547
-1.895792007 5.081000328 0.1751304418
-0.944206655 5.080999851 0.1376264393
-0.9142758846 5.080999851 0.17417714
// Undo: 
27
-1.166818738 4.881000042 -0.05539475009
-1.12067318 4.881000042 -0.006828665733
-0.9635362625 4.881000042 0.182097137
-0.8997257352 4.881000042 0.2848473787
-0.8677997589 4.881000042 0.3849677742
-0.9708272815 4.881000042 0.1732611209
-1.055658579 4.881000042 0.05543692783
-1.881850004 4.881000042 0.6617923975
-1.829068899 4.881000519 0.7974936962
-1.746786475 4.881000042 0.9024697542
-1.941680074 4.881000042 0.292534411
-1.921424627 4.881000042 0.4929971099
-0.9315008521 4.881000042 0.5870794058
-0.8820050359 4.881000042 0.4868969321
-0.8729240894 4.881000042 0.4243626297
-1.107579231 4.881000042 0.7792336941
-1.013776302 4.881000042 0.6854865551
-1.281799555 4.881000042 0.949667573
-1.193637371 4.881000042 0.8728624582
-1.457867265 4.880999565 1.031920552
-1.354739428 4.881000042 1.001571417
-1.486735106 4.881000042 -0.1559921354
-1.669650316 4.881000042 -0.09637789428
-1.825801134 4.881000042 0.008018130437
-1.317473769 4.881000042 -0.1321988851
-1.626168013 4.881000042 1.009606481
-1.911413908 4.881000042 0.1332146674
// Undo: 
26
-0.9686613083 4.681000233 0.308239907
-0.9710835218 4.681000233 0.2469071001
-0.9759668112 4.681000233 0.1420736462
-1.152790785 4.681000233 -0.1210118979
-1.090891838 4.681000233 -0.04962020367
-1.04428339 4.681000233 0.003674389562
-1.749982238 4.68100071 0.8919409513
-1.84421277 4.681000233 0.783539772
-1.907263279 4.681000233 0.6425710917
-1.948760033 4.681000233 0.4785976708
-1.964627981 4.681000233 0.2887814045
-0.9528802633 4.681000233 0.351071775
-0.959564507 4.681000233 0.4391571283
-0.9986439347 4.681000233 0.5254251957
-1.060284376 4.681000233 0.6177142262
-1.138299227 4.681000233 0.7091904879
-1.22171092 4.680999756 0.8040565848
-1.306725264 4.681000233 0.8862674832
-1.373616338 4.681000233 0.9550921917
-1.465741873 4.681000233 0.9992331266
-1.834185243 4.681000233 -0.07438860089
-1.678262591 4.681000233 -0.1700062901
-1.494915962 4.681000233 -0.2119237632
-1.320113182 4.681000233 -0.1929117292
-1.636045218 4.68100071 0.9813784361
-1.925572395 4.681000233 0.07778280973
// Undo: 
28
-0.9606482983 4.480999947 0.1011739895
-0.9636355639 4.480999947 0.2125536203
-0.9933971167 4.480999947 0.3096121252
-1.136322618 4.480999947 -0.1900971532
-1.021813631 4.480999947 -0.05285642669
-1.999827981 4.480999947 0.2831686735
-1.987143397 4.480999947 0.4649097025
-1.942188978 4.480999947 0.623231709
-1.867172599 4.480999947 0.7699540854
-1.760481358 4.480999947 0.883204937
-1.116334677 4.480999947 0.5933532715
-1.095091939 4.480999947 0.5680321455
-1.03632772 4.480999947 0.4876995683
-1.012253523 4.480999947 0.4022658169
-0.9948188066 4.480999947 0.3157518208
-1.163208842 4.480999947 0.6554939747
-1.481085896 4.480999947 0.9762041569
-1.397027373 4.480999947 0.9219691753
-1.369985104 4.480999947 0.8853212595
-1.248332739 4.480999947 0.7515766621
-1.334278703 4.480999947 0.8391931653
-1.246610045 4.480999947 -0.2294365466
-1.31878984 4.480999947 -0.2548837364
-1.500262618 4.480999947 -0.2669218183
-1.687096953 4.480999947 -0.2387951016
-1.851629734 4.480999947 -0.1489703953
-1.646449089 4.480999947 0.9599272013
-1.962884903 4.480999947 0.03294977918
// Undo: 
24
-0.9559774995 4.281000137 0.2926210165
-0.9192398787 4.281000137 0.1914224327
-0.9144382477 4.281000137 0.07432807982
-0.9776440859 4.281000137 -0.1055460796
-1.115804911 4.281000137 -0.2690574527
-2.04655838 4.281000137 0.2748751938
-2.037570715 4.281000137 0.4520789385
-1.986369729 4.281000137 0.6039731503
-1.894677639 4.281000137 0.7572510242
-1.774371862 4.281000137 0.8765982389
-1.175002217 4.281000137 0.6681978703
-1.096568584 4.281000137 0.5769950151
-1.027968168 4.281000137 0.4830187559
-0.9867606163 4.281000137 0.3908987343
-1.498839617 4.281000137 0.9519343376
-1.41615212 4.281000137 0.9000379443
-1.350961566 4.281000137 0.8207498789
-1.263434172 4.281000137 0.7485454082
-1.306539655 4.281000137 -0.321980536
-1.503775597 4.281000137 -0.3226290941
-1.696459055 4.281000137 -0.300568372
-1.879716158 4.281000137 -0.2123387754
-1.650223851 4.281000137 0.9424293041
-2.026719809 4.281000137 0.0006623219233
// Undo: 
24
-0.892713666 4.080999851 0.05745536834
-0.8920560479 4.080999851 0.1769067496
-0.9277253747 4.081000328 0.2792688608
-1.107340574 4.080999851 -0.2961860895
-0.9557261467 4.080999851 -0.1328386366
-2.026746035 4.080999851 0.5815702677
-2.083385229 4.080999851 0.4302642345
-2.088328362 4.080999851 0.2517265081
-1.79249382 4.080999851 0.8661078215
-1.92236805 4.080999851 0.741065979
-1.020642996 4.080999851 0.4827369452
-1.098748446 4.080999851 0.58999753
-1.186444283 4.080999851 0.6902182102
-0.9664193392 4.080999851 0.3833767176
-1.365456462 4.080999851 0.8089177608
-1.435042262 4.080999851 0.8819856048
-1.518053532 4.080999851 0.9302721024
-1.277058244 4.080999851 0.7545124292
-1.507372737 4.080999851 -0.363702178
-1.299321413 4.080999851 -0.3572198749
-1.90369153 4.080999851 -0.2571126223
-1.70424509 4.080999851 -0.3452582359
-1.6577034 4.080999851 0.9248517752
-2.08473444 4.080999851 -0.03054485284
// Undo: 
26
-1.100787878 3.881000042 -0.3158977032
-1.043015242 3.881000042 -0.2553354204
-0.8896079063 3.881000042 0.04588553682
-0.8767239451 3.881000042 0.1658979058
-0.9045288563 3.881000042 0.2678191662
-0.9440088272 3.881000042 -0.1505426168
-2.119622946 3.881000042 0.2092472613
-2.119262218 3.881000042 0.3934758604
-2.061394215 3.881000042 0.5534626245
-1.917353988 3.881000042 -0.2826486826
-2.108248234 3.881000042 -0.0640258342
-1.949337959 3.881000042 0.7209430933
-1.811990142 3.881000042 0.852042079
-1.108309627 3.880999804 0.6134969592
-1.198836803 3.881000042 0.7145258188
-1.013780832 3.88100028 0.4844247699
-1.101387978 3.880999804 0.605642736
-0.9486989379 3.881000042 0.3778108954
-1.379116058 3.881000042 0.7997265458
-1.290796399 3.881000042 0.7625142932
-1.537611365 3.881000042 0.9098052979
-1.453415751 3.881000042 0.8657773733
-1.511660695 3.881000042 -0.3902569413
-1.711139321 3.881000042 -0.3719060123
-1.295426846 3.881000042 -0.3838565648
-1.668102622 3.881000042 0.9063588381
// Undo: 
26
-0.918841958 3.680999994 0.04821955785
-0.9713121653 3.681000233 -0.1474216282
-1.109499216 3.680999994 -0.3144925833
-0.9300870895 3.680999994 0.2647789121
-0.9054422379 3.681000233 0.1657873988
-2.100596189 3.680999756 0.4633947313
-2.138417482 3.681000233 0.3324576914
-2.134807348 3.680999994 0.138304919
-2.085501671 3.680999994 0.5147451162
-2.087433815 3.680999994 -0.1001554951
-1.918803453 3.680999994 -0.2848480046
-1.974508643 3.680999994 0.6914016008
-1.835622072 3.680999994 0.8265004158
-1.042588949 3.680999756 0.4789328575
-0.9760248661 3.681000233 0.3731141686
-1.224822283 3.680999756 0.7050855756
-1.129969835 3.681000233 0.5983474255
-1.394564867 3.681000233 0.7843831182
-1.310954094 3.681000233 0.7503290176
-1.555120707 3.680999994 0.8895815611
-1.468551159 3.681000233 0.8477653265
-1.716725469 3.680999994 -0.3690031171
-1.667518258 3.680999994 -0.3719757795
-1.518302321 3.680999994 -0.3797888756
-1.311570525 3.680999756 -0.3885985017
-1.689202309 3.680999994 0.8836515546
// Undo: 
24
-1.122508764 3.480999947 -0.3048107922
-1.003603578 3.480999947 -0.1399777234
-0.9522798061 3.480999947 0.05234121531
-0.9394798875 3.481000185 0.1670580208
-0.9621002078 3.480999947 0.2627608776
-2.089752436 3.480999947 0.4848184884
-2.133763552 3.480999947 0.2695028186
-2.119349718 3.480999947 0.04467350245
-2.045777559 3.480999947 -0.133161217
-1.916016936 3.480999947 -0.2599489689
-1.853589773 3.480999947 0.7997210026
-1.987746119 3.480999947 0.6643629074
-1.008242249 3.480999947 0.3685832322
-1.074625492 3.480999947 0.4727707803
-1.159674406 3.480999947 0.5897035599
-1.250766873 3.480999947 0.6934323311
-1.330787778 3.480999947 0.7366799712
-1.409331322 3.480999708 0.7683656216
-1.482358575 3.480999947 0.8289161921
-1.570246577 3.480999947 0.8682400584
-1.720971584 3.480999947 -0.3332053423
-1.525339127 3.480999947 -0.3357151151
-1.330521107 3.480999947 -0.373871088
-1.706522107 3.480999947 0.8597198725
// Undo: 
32
-1.140478253 3.281000137 -0.2855781019
-1.044514894 3.280999899 -0.1243505329
-0.99774611 3.280999899 0.06155516952
-0.9845220447 3.281000137 0.1712317765
-1.004052877 3.280999899 0.2622936368
-2.088601589 3.280999899 0.0319006741
-2.057556152 3.280999899 -0.04146357626
-2.115908146 3.280999899 0.2446835935
-2.087317705 3.280999899 0.4630566239
-1.995185852 3.280999899 0.6401160359
-1.868960738 3.280999899 0.7725855112
-1.048253179 3.280999899 0.3643549085
-1.11207509 3.280999899 0.4654678702
-1.191892982 3.281000137 0.5779900551
-1.276623726 3.280999899 0.6770316362
-1.349965453 3.280999899 0.7200666666
-1.422843337 3.280999899 0.7511085868
-1.494035244 3.280999899 0.8087240458
-1.582412958 3.281000137 0.8455105424
-1.715853691 3.280999899 -0.28596434
-1.532412529 3.280999899 -0.3011217713
-1.470001459 3.280999899 -0.3104002178
-1.148890138 3.281000137 -0.2882159948
-1.857163906 3.281000137 0.7776069045
-1.721017241 3.280999899 0.8348731995
-2.047727108 3.281000137 -0.06258292496
-2.001990795 3.281000137 -0.1069974005
-1.930517435 3.280999899 -0.1768185645
-1.765507698 3.280999899 -0.2857950032
-1.836873055 3.280999899 -0.2436627746
-1.349366784 3.280999899 -0.3468400538
-1.322311997 3.280999899 -0.3418816328
// Undo: 
29
-1.040959835 3.08100009 0.2159303427
-1.044957399 3.081000328 0.2607820928
-1.046464443 3.08100009 0.07716967165
-1.083620071 3.08100009 -0.1043028831
-1.169859886 3.08100009 -0.2654178441
-1.918626428 3.08100009 -0.1272654235
-2.015758038 3.081000328 -0.05088866502
-2.054841995 3.08100009 0.0350541994
-2.090462446 3.080999851 0.2417898476
-2.074505329 3.08100009 0.4541501403
-1.987706542 3.08100009 0.6251857281
-1.866011143 3.08100009 0.7520427108
-1.298907518 3.08100009 0.6566810608
-1.22011137 3.08100009 0.563850522
-1.145725965 3.08100009 0.4578115642
-1.085711122 3.08100009 0.3599265516
-1.591219306 3.080999851 0.8210958242
-1.50392735 3.080999851 0.7867774963
-1.434379935 3.08100009 0.7320763469
-1.366419077 3.08100009 0.7003077269
-1.539510727 3.08100009 -0.2827861905
-1.757839203 3.08100009 -0.25836429
-1.334159493 3.080999851 -0.2923214436
-1.364961982 3.08100009 -0.307344079
-1.725751519 3.08100009 0.8105624914
-1.034507632 3.08100009 0.1843561977
-1.043404937 3.08100009 0.1011248678
-1.235243917 3.08100009 -0.2798821032
-1.189523697 3.08100009 -0.2715028524
// Undo: 
26
-1.108453393 2.881000042 0.04518670961
-1.098902822 2.881000042 0.09031558037
-1.085057497 2.881000042 0.2584689856
-1.080716491 2.881000042 0.1861967593
-1.212829947 2.881000042 -0.2016850114
-1.128894567 2.881000042 -0.06591029465
-1.887118459 2.881000042 -0.1205693185
-1.978112102 2.881000042 -0.04958657548
-2.021081924 2.881000042 0.03820772842
-2.065016747 2.881000042 0.2388961017
-2.061692953 2.881000042 0.4452436864
-1.980227232 2.881000042 0.6102554202
-1.863061428 2.881000042 0.7314999104
-1.316547394 2.881000042 0.6311968565
-1.243357301 2.881000042 0.5466954112
-1.175084591 2.881000042 0.4497557878
-1.120783448 2.881000042 0.3553113341
-1.597502232 2.881000042 0.7954155803
-1.511865973 2.881000042 0.7629106045
-1.443395138 2.881000042 0.7107778192
-1.379211187 2.881000042 0.6763205528
-1.546608925 2.88100028 -0.2644505501
-1.739072084 2.881000042 -0.2348525226
-1.231099963 2.881000042 -0.2039826065
-1.388640881 2.881000042 -0.2808167934
-1.727742434 2.881000042 0.7864022255
// Undo: 
26
-1.145078659 2.680999756 0.08540158719
-1.183025599 2.680999994 -0.0531149134
-1.264694929 2.680999994 -0.1822813451
-1.128495812 2.680999994 0.1586402953
-1.12323463 2.680999994 0.1797811538
-1.12386775 2.680999994 0.2559612989
-1.992984295 2.680999994 0.04023063183
-1.941510677 2.680999994 -0.05162475631
-1.853895545 2.680999994 -0.1191882193
-2.044596672 2.680999994 0.4413118362
-2.041325092 2.680999994 0.2372867614
-1.856005907 2.680999994 0.7135258317
-1.968447447 2.680999756 0.5990868807
-1.202888012 2.681000233 0.441901356
-1.265146494 2.680999994 0.5298766494
-1.33278048 2.680999994 0.6061506271
-1.154415965 2.680999756 0.350705266
-1.451657653 2.680999994 0.6902077198
-1.518835783 2.680999756 0.7400215268
-1.602530479 2.680999994 0.7710506916
-1.390945673 2.680999994 0.6529133916
-1.718307495 2.680999994 -0.2183096409
-1.551629186 2.680999994 -0.2523114681
-1.411193371 2.680999994 -0.2573262453
-1.347893119 2.680999756 -0.2228613794
-1.727202535 2.680999756 0.7641675472
// Undo: 
24
-1.311586618 2.480999947 -0.1778706312
-1.232640743 2.480999947 -0.05576592684
-1.184521675 2.480999947 0.07854779065
-1.160863519 2.480999947 0.1723436713
-1.160991549 2.480999947 0.2531991303
-1.966149926 2.480999947 0.0420012325
-1.905925035 2.480999947 -0.05691234022
-1.818362117 2.480999947 -0.1249679476
-2.026998281 2.480999947 0.4379631579
-2.01789546 2.480999947 0.235869512
-1.847075462 2.480999947 0.6967249513
-1.955549479 2.480999947 0.5888966322
-1.228109837 2.480999947 0.4343810976
-1.284321308 2.480999947 0.5136615038
-1.346367121 2.480999947 0.581928134
-1.185934544 2.480999947 0.3461126089
-1.458536625 2.480999947 0.6709765196
-1.524201632 2.480999947 0.7187515497
-1.605888963 2.480999947 0.7484362125
-1.400662184 2.480999947 0.6306124926
-1.696407318 2.480999947 -0.2057292461
-1.556327343 2.480999947 -0.2411329597
-1.431221962 2.480999947 -0.2406414896
-1.724594116 2.480999947 0.7435069084
// Undo: 
24
-1.783973932 2.280999899 -0.1317909956
-1.872545958 2.280999899 -0.06185748056
-1.941602945 2.280999899 0.044642061
-1.559970379 2.280999899 -0.2323931009
-1.675147533 2.280999899 -0.1965569556
-1.221316814 2.281000137 0.06827092171
-1.274967194 2.280999899 -0.06274715811
-1.351572156 2.280999899 -0.1784790754
-1.195987344 2.280999899 0.2503097057
-1.196964502 2.280999899 0.1638875753
-1.99624455 2.280999899 0.2357705683
-2.009385109 2.280999899 0.4352885783
-1.942268491 2.280999899 0.5799251199
-1.838125229 2.280999899 0.6813954711
-1.252021432 2.280999899 0.4272963405
-1.215760708 2.280999899 0.3415856361
-1.359248638 2.280999899 0.5605652332
-1.302498698 2.280999899 0.4992114007
-1.465173841 2.280999899 0.6533372402
-1.409953356 2.280999899 0.6106567979
-1.608910203 2.280999899 0.7280669212
-1.529332399 2.280999899 0.6994007826
-1.449707031 2.280999899 -0.2273971885
-1.7218045 2.280999899 0.724804759
// Undo: 
24
-1.756249189 2.08100009 -0.14468427
-1.850889444 2.08100009 -0.06498335302
-1.927498817 2.08100009 0.05125528574
-1.557810307 2.08100009 -0.2370665073
-1.657614231 2.08100009 -0.2072136551
-1.253205776 2.08100009 0.04550439864
-1.303951979 2.08100009 -0.07586218417
-1.374491811 2.08100009 -0.1826587319
-1.222903252 2.08100009 0.2469370812
-1.227049112 2.08100009 0.1514202952
-1.981000066 2.08100009 0.240419656
-1.991727591 2.08100009 0.4346493483
-1.927817822 2.08100009 0.5746781826
-1.829110265 2.08100009 0.6709109545
-1.270735502 2.08100009 0.421938777
-1.239082813 2.08100009 0.3373110294
-1.369140387 2.08100009 0.5513264537
-1.316556096 2.08100009 0.4920529127
-1.470862031 2.08100009 0.6419517398
-1.417494774 2.08100009 0.6003430486
-1.610677123 2.08100009 0.7160482407
-1.533561945 2.08100009 0.6874089241
-1.460406303 2.08100009 -0.2315090001
-1.718379617 2.08100009 0.712967515
// Undo: 
26
-1.728524685 1.881000042 -0.1575775594
-1.829232931 1.881000042 -0.06810922921
-1.91339457 1.881000042 0.05786852166
-1.555650234 1.881000042 -0.2417399138
-1.640081048 1.881000042 -0.2178703696
-1.394787192 1.881000042 -0.1878764331
-1.330540299 1.881000042 -0.0890628621
-1.283100247 1.881000042 0.0235821344
-1.255680799 1.881000042 0.1390507221
-1.248945951 1.881000042 0.2435022444
-1.973998189 1.881000042 0.4341731668
-1.968594551 1.881000042 0.308997184
-1.965755701 1.881000042 0.2450687587
-1.819948673 1.881000042 0.6608277559
-1.913251162 1.881000161 0.5697166324
-1.261624336 1.881000042 0.3330961168
-1.288791418 1.881000042 0.4167681038
-1.330085278 1.881000042 0.4854150116
-1.378620505 1.881000042 0.542929709
-1.424737453 1.881000042 0.5907995105
-1.476371169 1.881000042 0.6312679648
-1.537620544 1.881000042 0.6761004329
-1.612276554 1.881000042 0.7046986222
-1.51912415 1.881000042 -0.239157334
-1.470462203 1.881000042 -0.2365844399
-1.714802384 1.880999923 0.7016655207
// Undo: 
24
-1.911925316 1.680999994 0.06333627552
-1.816304326 1.680999994 -0.07312529534
-1.70656991 1.680999994 -0.1721305698
-1.621474743 1.680999994 -0.2377074957
-1.546815872 1.680999994 -0.2624568343
-1.407895207 1.680999994 -0.1959370971
-1.350569963 1.680999994 -0.1024978608
-1.307532668 1.680999994 0.003972158767
-1.27808547 1.680999994 0.1271000504
-1.26761055 1.680999994 0.2395416051
-1.954273701 1.680999994 0.4382130206
-1.956056833 1.680999994 0.2516106963
-1.808603883 1.680999994 0.6567134857
-1.896586418 1.680999994 0.569924593
-1.277864456 1.680999994 0.3293635249
-1.301607609 1.680999994 0.4130854607
-1.339231372 1.680999994 0.4830970168
-1.384601593 1.680999994 0.5416898131
-1.429551363 1.680999994 0.5875124931
-1.48051405 1.680999994 0.6259380579
-1.540356755 1.680999994 0.6700845957
-1.612565279 1.680999994 0.6985874772
-1.474466085 1.680999994 -0.2507220507
-1.709646344 1.680999994 0.6959146261
// Undo: 
27
-1.783740997 1.480999947 -0.0966129452
-1.804028034 1.480999947 -0.07811518013
-1.912114382 1.480999947 0.06911966205
-1.684783936 1.480999947 -0.1867320836
-1.602806926 1.480999947 -0.2580713332
-1.537469625 1.480999947 -0.2844050825
-1.332022548 1.481000066 -0.01523401495
-1.370580077 1.480999947 -0.1158083603
-1.385390162 1.480999947 -0.1418094337
-1.285374165 1.480999947 0.2348555624
-1.300155759 1.480999947 0.1149785966
-1.421003342 1.480999947 -0.2039977759
-1.947172523 1.480999947 0.2581709027
-1.935444951 1.480999947 0.4416324794
-1.881356359 1.480999947 0.5685459375
-1.799283385 1.480999947 0.6506070495
-1.313924193 1.480999947 0.4093618989
-1.2932477 1.480999947 0.3252993524
-1.390620351 1.480999947 0.5403543711
-1.34820509 1.480999947 0.4807352722
-1.484272122 1.480999947 0.6205816269
-1.434208274 1.480999947 0.5841192007
-1.612838864 1.480999947 0.6936662197
-1.542847395 1.480999947 0.6646851301
-1.478470087 1.480999947 -0.2648596168
-1.797513962 1.480999947 0.6526969671
-1.704674125 1.480999947 0.6907342672
// Undo: 
26
-1.690764666 1.280999899 -0.1693501025
-1.813484907 1.281000018 -0.06060087681
-1.92505002 1.281000018 0.08386282623
-1.529345512 1.281000018 -0.2849713266
-1.594359159 1.281000018 -0.2602523267
-1.669889927 1.281000018 -0.1959958673
-1.358199358 1.281000018 -0.02256923728
-1.387936473 1.281000018 -0.1122787893
-1.424290419 1.280999899 -0.1894116402
-1.287296534 1.281000018 0.2174122036
-1.315437198 1.281000018 0.09938892722
-1.950444698 1.281000018 0.2644594014
-1.93129003 1.281000018 0.4348902702
-1.891974449 1.281000018 0.5385777354
-1.832442045 1.281000018 0.6026960015
-1.316996932 1.281000018 0.4048805535
-1.2936095 1.280999899 0.3154212236
-1.397457123 1.281000018 0.5369415283
-1.3536973 1.281000018 0.4774888158
-1.480657339 1.281000018 0.6147173643
-1.435618758 1.281000018 0.5785300732
-1.612838745 1.281000018 0.7103838921
-1.540764689 1.281000018 0.6707612872
-1.474269986 1.281000018 -0.2557576895
-1.791769862 1.281000018 0.6507334709
-1.703276396 1.281000018 0.6966480017
// Undo: 
30
-1.8236444 1.08099997 -0.04508223757
-1.698204756 1.08099997 -0.1541441083
-1.588372231 1.08099997 -0.2663898468
-1.522006989 1.08099997 -0.2919417024
-1.427171707 1.08099997 -0.1779057086
-1.403762579 1.08099997 -0.1107294708
-1.381021976 1.08100009 -0.03044910543
-1.326282263 1.08099997 0.0864277631
-1.282683611 1.08099997 0.2067340016
-1.930407047 1.08099997 0.4306179285
-1.95546627 1.08099997 0.2713470161
-1.864942312 1.08099997 0.5635179281
-1.90360105 1.08099997 0.5132778883
-1.287020206 1.08100009 0.3136956096
-1.313679099 1.08099997 0.4094991386
-1.351979256 1.08099997 0.4821897149
-1.396028757 1.08099997 0.5396555662
-1.430183649 1.08099997 0.5820903778
-1.471786141 1.08099997 0.621769309
-1.536513925 1.08099997 0.6864873171
-1.61447072 1.08099997 0.7320817113
-1.469947577 1.08099997 -0.2511714101
-1.705196619 1.08099997 0.7095546126
-1.790019035 1.08099997 0.6580545902
-1.68923068 1.08099997 -0.1668922901
-1.823474646 1.08099997 0.6230201721
-1.844023824 1.08099997 0.5978022814
-1.938985109 1.08099997 0.09753531218
-1.657806754 1.08099997 -0.208213836
-1.664039731 1.08099997 -0.1997694373
// Undo: 


icurve=42