62
  -1.312699795  92.93599701  -2.917810917
  -1.531527996  92.93599701  -4.389610767
  -2.181886196  92.93599701  -6.101582527
  -2.766723156  92.93599701  -7.487991333
  -3.538019657  92.93599701  -8.131839752
  -4.799292088  92.93599701  -8.750360489
  -5.519895077  92.93599701  -9.082403183
  -6.699786186  92.93599701  -9.315040588
  -7.493896484  92.93599701  -9.59444809
  -8.589047432  92.93599701  -9.758786201
  -9.524938583  92.93599701  -9.803041458
  -10.57018566  92.93599701  -9.724208832
  -11.87730885  92.93599701  -9.046718597
  -12.87369061  92.93599701  -8.533265114
  -14.45512676  92.93599701  -6.88571167
  -14.91171646  92.93599701  -6.343238831
  -15.29518223  92.93599701  -5.813183784
  -16.61140251  92.93599701  -3.854494572
  -17.06587219  92.93599701  -2.96361351
  -18.01189232  92.93599701  -1.630256653
  -18.37230682  92.93599701  -0.9604299068
  -19.29229546  92.93599701  0.8559657335
  -19.66979599  92.93599701  1.598965406
  -19.78565598  92.93599701  1.847478867
  -20.06964493  92.93599701  4.159301281
  -20.13495827  92.93599701  5.33503437
  -19.71421814  92.93599701  6.596484661
  -19.23614693  92.93599701  8.108136177
  -18.19927406  92.93599701  9.567747116
  -17.64738655  92.93599701  10.33345985
  -16.31250572  92.93599701  11.51995277
  -15.65687943  92.93599701  12.06130123
  -14.4267931  92.93599701  12.59889603
  -13.7429533  92.93599701  12.91476154
  -13.04620647  92.93599701  13.13258743
  -12.69900417  92.93599701  13.25296783
  -11.88666821  92.93599701  13.23171234
  -11.59118176  92.93599701  13.23708916
  -11.0280571  92.93599701  13.16805935
  -10.58879185  92.93599701  13.12767124
  -9.97926712  92.93599701  12.99156189
  -9.110388756  92.93599701  12.91622639
  -8.110569  92.93599701  12.82645607
  -7.181614876  92.93599701  12.57823944
  -6.508315086  92.93599701  12.30914879
  -5.233055592  92.93599701  11.81840992
  -4.719387531  92.93599701  11.60805702
  -3.310987949  92.93599701  10.94985867
  -3.156215191  92.93599701  10.85043144
  -2.794145107  92.93599701  10.27866554
  -2.21287775  92.93599701  9.341222763
  -1.87895155  92.93599701  8.627994537
  -1.301928997  92.93599701  7.264951229
  -1.099673748  92.93599701  6.464442253
  -0.6205230355  92.93599701  5.031897545
  -0.5554481149  92.93599701  4.418367386
  -0.4999996126  92.93599701  4.079904556
  -0.4999996126  92.93599701  1.792594433
  -0.5804877877  92.93599701  1.438937426
  -0.5979419351  92.93599701  1.316676617
  -0.6170440316  92.93599701  1.184644818
  -1.029660702  92.93599701  -0.5572654605
64
  -3.839936256  82.93599701  -0.5801874399
  -4.540651321  82.93599701  -1.586520433
  -4.9217453  82.93599701  -2.117436647
  -5.258394241  82.93599701  -2.522145033
  -6.177254677  82.93599701  -3.568768978
  -7.697209358  82.93599701  -4.640720367
  -7.787962914  82.93599701  -4.703814507
  -7.805262566  82.93599701  -4.708611488
  -8.217885971  82.93599701  -4.829030037
  -10.05259705  82.93600464  -5.361421585
  -12.03924561  82.93600464  -5.417241573
  -12.44901848  82.93600464  -5.430346966
  -13.77789116  82.93600464  -4.898539066
  -14.46379662  82.93600464  -4.602728844
  -15.32223797  82.93600464  -3.966418028
  -16.27676392  82.93600464  -3.210088015
  -16.73427391  82.93600464  -2.808734894
  -17.89310074  82.93600464  -1.683665395
  -18.1157341  82.93600464  -1.320977449
  -18.8898201  82.93600464  -0.03392411023
  -19.10423279  82.93600464  0.3895370662
  -19.70242691  82.93600464  1.890689254
  -20.41602516  82.93600464  3.715292692
  -20.23098564  82.93600464  6.094630241
  -20.19918251  82.93600464  6.592228889
  -20.18191719  82.93600464  6.763792038
  -20.07611084  82.93600464  7.102030754
  -19.44882202  82.93600464  9.138393402
  -18.18694115  82.93600464  11.05729294
  -16.98945236  82.93600464  12.43609047
  -16.66483688  82.93600464  12.79231834
  -15.22671318  82.93600464  13.4710722
  -15.0022049  82.93600464  13.57549953
  -13.79497814  82.93600464  14.17357349
  -13.54791927  82.93600464  14.27714825
  -12.28102303  82.93600464  14.35277748
  -11.83379745  82.93600464  14.38502312
  -11.01400566  82.93600464  13.95129299
  -9.938755989  82.93600464  13.41152
  -8.551703453  82.93599701  12.43952179
  -8.370463371  82.93599701  12.29839897
  -7.662624359  82.93599701  12.0610075
  -7.207705498  82.93599701  11.91227627
  -7.132908821  82.93599701  11.88291168
  -6.069682121  82.93599701  11.4405117
  -5.758528709  82.93599701  11.24701786
  -4.540795326  82.93599701  10.35366344
  -3.987321854  82.93599701  9.907548904
  -3.218726158  82.93599701  9.212575912
  -2.846375465  82.93599701  8.624486923
  -2.639596939  82.93599701  8.283111572
  -2.41561985  82.93599701  7.496482372
  -2.358128548  82.93599701  7.215642929
  -2.069158554  82.93599701  6.020135403
  -2.015778542  82.93599701  5.82205534
  -2.000295639  82.93599701  5.677874088
  -1.962306976  82.93599701  4.873507977
  -1.939727783  82.93599701  4.384608269
  -1.940862656  82.93599701  4.290916443
  -1.971971512  82.93599701  4.150486469
  -2.33630085  82.93599701  2.667805195
  -2.550884247  82.93599701  2.101837397
  -2.990760803  82.93599701  1.030405521
  -3.442616463  82.93599701  0.1554747522
65
  -5.828280449  72.93600464  0.4555004835
  -5.873168945  72.93600464  0.3491928577
  -6.655384064  72.93600464  -0.7141073942
  -7.337662697  72.93600464  -1.380121112
  -7.896224976  72.93600464  -1.927900195
  -7.925088882  72.93600464  -1.946367621
  -9.504575729  72.93600464  -2.839539528
  -9.514702797  72.93600464  -2.840796947
  -9.591324806  72.93600464  -2.846435547
  -11.36756611  72.93600464  -2.984435558
  -11.57216263  72.93600464  -2.991059303
  -13.22001076  72.93600464  -2.688388348
  -13.70554352  72.93600464  -2.577877522
  -14.95769405  72.93600464  -1.972172141
  -15.64317608  72.93600464  -1.644950986
  -16.52820587  72.93600464  -0.91902107
  -17.30271721  72.93600464  -0.2980386615
  -17.78128052  72.93600464  0.3623666167
  -18.43834114  72.93600464  1.3720119
  -19.13528824  72.93600464  3.193078041
  -19.21341705  72.93600464  3.381620884
  -19.44556427  72.93600464  3.987713575
  -19.93298912  72.93600464  5.269597054
  -20.0424118  72.93600464  5.62561512
  -20.05904388  72.93600464  7.100617409
  -20.03477859  72.93600464  7.976753712
  -19.53815842  72.93600464  9.743577003
  -19.34780121  72.93600464  10.33856201
  -18.58605766  72.93600464  11.70727158
  -18.21324158  72.93600464  12.38265705
  -16.83511353  72.93600464  13.42905521
  -16.57017326  72.93600464  13.59842396
  -15.04245377  72.93600464  13.88500786
  -14.50249863  72.93600464  13.95230103
  -13.98447895  72.93600464  14.18235779
  -13.87417793  72.93600464  14.22115326
  -13.25805664  72.93600464  14.3624649
  -13.16584969  72.93600464  14.37517357
  -12.41269016  72.93600464  14.18969727
  -12.10523033  72.93600464  14.11184597
  -11.99138641  72.93600464  14.07391071
  -11.86470032  72.93600464  13.97523022
  -11.09592628  72.93600464  13.49075699
  -10.50187874  72.93600464  13.28361988
  -10.16368961  72.93600464  13.18578434
  -9.163527489  72.93600464  12.83805656
  -8.519289017  72.93600464  12.40969658
  -7.871603012  72.93600464  11.98411942
  -7.320102692  72.93600464  11.35100842
  -7.051368713  72.93600464  11.04627609
  -6.408403397  72.93600464  9.961738586
  -6.345682144  72.93600464  9.848808289
  -6.335066795  72.93600464  9.811616898
  -5.921244621  72.93600464  9.290641785
  -5.027696609  72.93600464  8.20761013
  -4.887049675  72.93600464  7.956152439
  -4.417506218  72.93600464  6.662798405
  -4.352430344  72.93600464  6.19400835
  -4.308460236  72.93600464  5.550125122
  -4.421550751  72.93600464  4.917443275
  -4.551914215  72.93600464  4.419461727
  -4.757446289  72.93600464  3.468539238
  -4.860811234  72.93600464  2.94844079
  -5.258394241  72.93600464  1.806822419
  -5.346972466  72.93600464  1.510227084
64
  -16.07437897  62.93600082  12.92272186
  -15.91658688  62.93600082  12.93063259
  -14.98890114  62.93600082  13.35983849
  -14.97294426  62.93600082  13.36290264
  -14.16250706  62.93600082  13.54525566
  -14.1390543  62.93600082  13.54598808
  -13.5697794  62.93600082  13.60260677
  -13.43866634  62.93600082  13.59339237
  -13.26815128  62.93600082  13.55777645
  -12.85764503  62.93600082  13.41427612
  -12.17402554  62.93600082  13.5960474
  -11.49399662  62.93600082  13.56224251
  -10.80560684  62.93600082  13.45887089
  -10.32737255  62.93600082  13.30615425
  -9.334692955  62.93600082  12.83981419
  -9.069519043  62.93600082  12.69015408
  -8.177838326  62.93600082  12.04333878
  -8.049951553  62.93600082  11.8858633
  -7.261359215  62.93600082  10.86971474
  -7.222071648  62.93600082  10.76277161
  -6.900614738  62.93600082  9.69080162
  -6.851154327  62.93600082  9.515439034
  -6.847851753  62.93600082  9.505403519
  -6.693394661  62.93600082  8.551185608
  -6.67430687  62.93600082  8.49559021
  -6.499933243  62.93600082  7.755871773
  -6.434475899  62.93600082  7.571491241
  -6.062367439  62.93600082  6.546524048
  -6.017297745  62.93600082  6.294394493
  -5.903786659  62.93600082  5.548941612
  -5.946122169  62.93600082  5.334961414
  -6.057325363  62.93600082  4.44009161
  -6.117458344  62.93600082  4.123890877
  -6.262612343  62.93600082  3.710121155
  -6.52707386  62.93600082  2.936799288
  -6.742922783  62.93600082  2.48422575
  -7.096093178  62.93600082  1.845607758
  -7.467452049  62.93600082  1.396464825
  -7.954967499  62.93600082  0.8867616653
  -8.6275177  62.93600082  0.456786871
  -9.319149017  62.93600082  0.04136634991
  -10.14727974  62.93600082  -0.2177655399
  -10.94111443  62.93600082  -0.4461864829
  -11.73814869  62.93600082  -0.3334974349
  -12.64878368  62.93600082  -0.1766125113
  -13.85839748  62.93600082  0.2310084254
  -14.3526907  62.93600082  0.395131737
  -15.73803425  62.93600082  0.6307148337
  -16.01767349  62.93600082  0.6977657676
  -17.40731049  62.93600082  1.338228345
  -17.45362473  62.93600082  1.363111019
  -17.56345367  62.93600082  1.572605848
  -18.38726044  62.93600082  3.171010494
  -18.9702034  62.93600082  5.302309036
  -19.1423645  62.93600082  6.183522701
  -19.25597  62.93600082  6.991399765
  -19.23865891  62.93600082  7.632224083
  -19.12399673  62.93600082  8.623818398
  -18.99345016  62.93600082  9.092362404
  -18.49055862  62.93600082  10.55739307
  -18.46535492  62.93600082  10.60510254
  -18.37473679  62.93600082  10.76304054
  -17.52254868  62.93600082  12.21162033
  -16.6475296  62.93600082  12.65523911
54
  -8.046113968  52.93600464  4.743949413
  -8.088119507  52.93600464  4.52772522
  -8.281277657  52.93600464  3.725332975
  -8.424981117  52.93600464  3.57315731
  -8.912577629  52.93600464  3.052638054
  -9.605541229  52.93600464  2.577868223
  -9.71235466  52.93600464  2.502517939
  -10.45892239  52.93600464  1.780962229
  -10.48379803  52.93600464  1.756474733
  -10.79761028  52.93600464  1.566972852
  -11.47127819  52.93600464  1.151849508
  -11.60138988  52.93600464  1.121561527
  -12.89903164  52.93600464  0.9537929893
  -13.30636311  52.93600464  0.9641566873
  -14.5198307  52.93600464  1.07472074
  -15.3259325  52.93600464  1.344397426
  -16.27463341  52.93600464  1.629515171
  -16.81237984  52.93600464  1.936384439
  -17.82361603  52.93600464  2.572001696
  -18.59219551  52.93600464  3.551462889
  -18.73209953  52.93600464  3.737531185
  -19.10894394  52.93600464  5.067775249
  -19.13049889  52.93600464  5.138582706
  -18.97228622  52.93600464  6.420424938
  -18.902174  52.93600464  6.990161896
  -18.89524651  52.93600464  7.018235207
  -18.42612648  52.93600464  8.77593708
  -18.40673065  52.93600464  8.846388817
  -18.19635773  52.93600464  9.832913399
  -17.77541733  52.93600464  10.62366676
  -17.682724  52.93600464  10.77184582
  -16.8356266  52.93600464  12.29464722
  -16.59026146  52.93600464  12.64297485
  -15.18251514  52.93600464  13.20464802
  -14.761549  52.93600464  13.34470654
  -13.92947674  52.93600464  13.45284271
  -13.71564388  52.93600464  13.42898846
  -12.97892475  52.93600464  13.18204308
  -12.90885639  52.93600464  13.14450455
  -12.54737663  52.93600464  12.83069134
  -11.572896  52.93600464  11.93751717
  -11.14313602  52.93600464  11.52974796
  -10.20436573  52.93600464  10.52605057
  -9.579353333  52.93600464  9.808629036
  -9.267493248  52.93600464  9.448170662
  -9.086807251  52.93600464  9.171917915
  -8.613259315  52.93600464  8.351693153
  -8.556782722  52.93600464  8.21568203
  -8.293863297  52.93600464  7.392717361
  -8.219877243  52.93600464  7.173300743
  -8.210577011  52.93600464  7.134796143
  -8.207027435  52.93600464  7.086652279
  -8.057186127  52.93600464  5.911159992
  -8.049254417  52.93600464  5.71423769
47
  -9.221722603  42.93600082  3.663518906
  -9.180853844  42.93600082  2.886406183
  -9.176016808  42.93600082  2.495542765
  -9.62570858  42.93600082  1.174113631
  -9.806797981  42.93600082  0.7138335705
  -10.95426083  42.93600082  -0.6408322453
  -11.17133713  42.93600082  -0.9033313394
  -11.44323635  42.93600082  -1.004558444
  -13.07314014  42.93600082  -1.440991879
  -14.65030289  42.93600082  -1.426852942
  -15.03555012  42.93600082  -1.454678297
  -16.73352432  42.93600082  -1.266191483
  -16.95869446  42.93600082  -1.230196714
  -18.67646027  42.93600082  -0.4059626758
  -18.77952385  42.93600082  -0.3469702899
  -20.16549301  42.93600082  1.655735731
  -20.22703552  42.93600082  1.763501406
  -20.25500488  42.93600082  1.916283369
  -20.43613815  42.93600082  4.490510464
  -20.35798264  42.93600082  6.084045887
  -20.34394073  42.93600082  6.265423775
  -19.87804031  42.93600082  7.62931633
  -19.83590317  42.93600082  7.788414955
  -19.77520752  42.93600082  7.919125557
  -18.92949867  42.93600082  9.317023277
  -18.86730766  42.93600082  9.385907173
  -17.7349472  42.93600082  10.50670528
  -17.66266823  42.93600082  10.55972958
  -16.49983406  42.93600082  11.17182636
  -16.22245216  42.93600082  11.20009327
  -14.97719383  42.93600082  11.27114487
  -14.74708843  42.93600082  11.12249374
  -14.14948177  42.93600082  10.7507515
  -13.95092106  42.93600082  10.48162842
  -13.49956608  42.93600082  9.9544487
  -13.19425774  42.93600082  9.638594627
  -12.62548161  42.93600082  9.221036911
  -12.06004524  42.93600082  8.760022163
  -11.74323463  42.93600082  8.407378197
  -11.20583344  42.93600082  7.788193703
  -10.96473217  42.93600082  7.500820637
  -10.2849226  42.93600082  6.569651604
  -10.22471523  42.93600082  6.343465805
  -9.88363266  42.93600082  5.652659416
  -9.827427864  42.93600082  5.373682499
  -9.583500862  42.93600082  4.673383713
  -9.491247177  42.93600082  4.356001854
51
  -18.67862129  32.93600464  -0.5259351134
  -19.30558586  32.93600464  -0.07837859541
  -19.78421402  32.93600464  0.3891673982
  -20.47238922  32.93600464  1.057445168
  -20.62026596  32.93600464  1.375217795
  -20.9072876  32.93600464  2.053549528
  -21.02451515  32.93600464  2.574204206
  -21.1751194  32.93600464  4.185199261
  -21.17094803  32.93600464  4.61461401
  -20.88129425  32.93600464  6.372717381
  -20.78102493  32.93600464  6.57704258
  -19.95651245  32.93600464  8.147086143
  -18.99261284  32.93600464  9.158805847
  -18.71596527  32.93600464  9.446070671
  -18.68331528  32.93600464  9.478221893
  -17.41419983  32.93600464  10.01597786
  -17.20106697  32.93600464  10.1009264
  -16.14821434  32.93600464  10.18799591
  -15.8164978  32.93600464  10.20595741
  -15.1937809  32.93600464  9.956803322
  -14.93302345  32.93600464  9.836466789
  -14.7028904  32.93600464  9.644128799
  -14.21987343  32.93600464  9.258481026
  -13.75366592  32.93600464  9.053134918
  -13.48754883  32.93600464  8.947658539
  -13.21111012  32.93600464  8.801919937
  -12.74991131  32.93600464  8.51720047
  -12.20557976  32.93600464  7.870672703
  -11.89862251  32.93600464  7.523797035
  -11.37856865  32.93600464  6.780008793
  -11.09718323  32.93600464  6.395806789
  -10.66466236  32.93600464  5.707307816
  -10.45733261  32.93600464  5.382752895
  -10.31838036  32.93600464  5.064798355
  -10.01411247  32.93600464  4.359757423
  -9.945528984  32.93600464  4.076083183
  -9.816832542  32.93600464  3.446217299
  -9.855602264  32.93600464  3.093268156
  -9.94884491  32.93600464  2.34628582
  -10.31710052  32.93600464  0.8622472882
  -10.41937637  32.93600464  0.4831703603
  -11.32607651  32.93600464  -1.042740345
  -11.39343643  32.93600464  -1.13135004
  -11.47913742  32.93600464  -1.161172628
  -12.16075325  32.93600464  -1.371964216
  -13.3067522  32.93600464  -1.726581097
  -13.48552895  32.93600464  -1.759351015
  -14.79226112  32.93600464  -1.364642143
  -15.31962109  32.93600464  -1.2862432
  -16.86976051  32.93600464  -1.158159733
  -17.61205292  32.93600464  -1.155612469
46
  -16.76257324  22.93599892  -0.2223181427
  -16.79646683  22.93599892  -0.199159354
  -17.85727692  22.93599892  0.4267452061
  -17.89565086  22.93599892  0.460927397
  -18.73906708  22.93599892  1.11992836
  -18.77522087  22.93599892  1.173992515
  -19.42490959  22.93599892  2.178783894
  -19.45270157  22.93599892  2.278182268
  -19.9720993  22.93599892  4.091313362
  -19.9780407  22.93599892  4.22503376
  -20.10501862  22.93599892  6.089816093
  -19.48227692  22.93599892  7.426579475
  -19.43181992  22.93599892  7.539078712
  -18.38686562  22.93599892  8.557067871
  -17.29781532  22.93599892  8.961999893
  -17.22013283  22.93599892  8.992034912
  -16.08792686  22.93599892  9.024744987
  -15.34220219  22.93599892  8.757789612
  -15.29071999  22.93599892  8.738126755
  -14.68936062  22.93599892  8.307167053
  -14.64821815  22.93599892  8.277074814
  -14.1278038  22.93599892  7.875534534
  -14.0948143  22.93599892  7.849600315
  -13.61466408  22.93599892  7.377534389
  -13.58624458  22.93599892  7.348015308
  -13.55626106  22.93599892  7.312784195
  -13.01613331  22.93599892  6.733151436
  -12.53599358  22.93599892  6.058170319
  -12.50845718  22.93599892  6.012887478
  -12.16181946  22.93599892  5.212393761
  -12.14294243  22.93599892  5.155079842
  -11.95188522  22.93599892  4.303839684
  -11.94288445  22.93599892  4.241745949
  -11.94601059  22.93599892  3.452208042
  -11.95065117  22.93599892  3.383257866
  -12.17508888  22.93599892  2.508073568
  -12.19309807  22.93599892  2.433580399
  -12.70010757  22.93599892  1.190890193
  -12.73140144  22.93599892  1.117316365
  -13.46138191  22.93599892  0.01481612958
  -13.50123215  22.93599892  -0.04562250525
  -13.54265404  22.93599892  -0.07261363417
  -14.49030209  22.93599892  -0.5348462462
  -14.52861118  22.93599892  -0.5376679301
  -15.60111809  22.93599892  -0.5844611526
  -15.63550091  22.93599892  -0.5747780204
50
  -18.12886047  12.93599987  1.11948514
  -18.59055138  12.93599987  1.749808908
  -19.24231339  12.93599987  2.565871
  -19.38965988  12.93599987  3.350436211
  -19.50236893  12.93599987  4.377164364
  -19.45876312  12.93599987  5.088527679
  -19.31550789  12.93599987  6.089683056
  -19.09668732  12.93599987  6.712561607
  -18.91308975  12.93599987  7.141180992
  -18.5670948  12.93599987  7.530919552
  -18.30352592  12.93599987  7.793681145
  -17.92129135  12.93599987  8.245103836
  -17.27024651  12.93599987  8.603445053
  -17.03358459  12.93599987  8.699270248
  -16.35242653  12.93599987  8.82396698
  -16.12836075  12.93599987  8.82984066
  -15.95819759  12.93599987  8.760602951
  -15.40889549  12.93599987  8.440301895
  -15.257164  12.93599987  8.32744503
  -14.80884361  12.93599987  7.887395859
  -14.6672411  12.93599987  7.784694195
  -14.35527134  12.93599987  7.525336266
  -14.22796154  12.93599987  7.397935867
  -13.9702301  12.93599987  7.108095169
  -13.84434319  12.93599987  6.930862904
  -13.53349113  12.93599987  6.513461113
  -13.42810822  12.93599987  6.293399811
  -13.16804981  12.93599987  5.788169384
  -13.10183907  12.93599987  5.518060207
  -12.93583679  12.93599987  4.896976948
  -12.90820217  12.93599987  4.584302425
  -12.87176132  12.93599987  3.92163682
  -12.92431355  12.93599987  3.476353884
  -13.14472771  12.93599987  2.740241051
  -13.26206303  12.93599987  2.254185677
  -13.56552505  12.93599987  1.515460134
  -13.71012211  12.93599987  1.138718963
  -13.86848068  12.93599987  0.6115202904
  -14.04873085  12.93599987  0.1691232771
  -14.24093342  12.93599987  -0.1670345217
  -14.51724148  12.93599987  -0.5838497877
  -14.74543571  12.93599987  -0.8271795511
  -15.05714798  12.93599987  -1.03171885
  -15.29856014  12.93599987  -1.113224149
  -15.67476463  12.93599987  -0.9757190943
  -15.94868851  12.93599987  -0.8650280237
  -16.29427719  12.93599987  -0.5630317926
  -16.70816803  12.93599987  -0.2176932096
  -16.90335846  12.93599987  0.0314520672
  -17.43258476  12.93599987  0.5145549774
66
  -16.87246323  5.650000095  -1.194330931
  -17.1823597  5.650000095  -0.5314002633
  -17.33791161  5.650000095  -0.2129793614
  -18.23047066  5.650000095  0.8115387559
  -18.64090157  5.650000095  1.216057777
  -18.92991447  5.650000095  1.582045078
  -19.80640984  5.650000095  2.876101017
  -19.81442451  5.650000095  3.118778467
  -19.84612465  5.650000095  4.651384354
  -19.75628662  5.650000095  5.263772964
  -19.74392128  5.650000095  6.092905998
  -19.74611282  5.650000095  6.560709476
  -19.71518898  5.650000095  7.002109528
  -19.5900383  5.650000095  7.854876518
  -19.58593941  5.650000095  7.873486996
  -19.58333397  5.650000095  7.887073994
  -19.57510376  5.650000095  7.931565762
  -19.42404938  5.650000095  8.804689407
  -19.33690453  5.650000095  9.20973587
  -19.14916992  5.650000095  9.798993111
  -18.87312126  5.650000095  10.54923916
  -18.70849609  5.650000572  10.78020096
  -18.27813911  5.650000095  11.40612507
  -18.18501472  5.650000095  11.49240017
  -17.65758896  5.650000095  11.97809982
  -17.62382889  5.650000095  12.00895119
  -17.2582531  5.650000095  12.40303898
  -17.15275574  5.650000095  12.51761436
  -17.14209938  5.650000095  12.53012848
  -16.56624413  5.650000095  12.83514786
  -16.50170708  5.650000095  12.87359428
  -15.64971924  5.650000095  12.95307159
  -15.43997765  5.650000095  12.98150063
  -15.2087822  5.650000095  12.87144852
  -14.35157585  5.650000095  12.4797163
  -14.22128677  5.650000095  12.13405228
  -13.5723505  5.650000095  10.72267342
  -13.56330585  5.650000095  10.70390606
  -13.56183338  5.650000572  10.70123672
  -13.05652046  5.650000095  9.150140762
  -12.94386959  5.650000095  8.854658127
  -12.71814251  5.650000095  8.131541252
  -12.61336327  5.650000095  7.830954552
  -12.55278397  5.650000095  7.420658112
  -12.48656273  5.650000095  6.936953068
  -12.4400053  5.650000095  5.969296455
  -12.44404888  5.649999619  5.779817104
  -12.4695282  5.650000095  5.331675053
  -12.49176025  5.650000095  4.428015709
  -12.78775787  5.650000095  3.416964531
  -12.96175575  5.650000572  2.708444118
  -13.1922884  5.650000095  2.150299788
  -13.72869682  5.650000095  1.084035397
  -14.03445053  5.650000095  0.2352320701
  -14.05898857  5.650000095  0.1560873538
  -14.10009289  5.650000095  0.0271365121
  -14.26036549  5.650000095  -0.5520880818
  -14.3213625  5.650000095  -0.7427597642
  -14.64821243  5.650000095  -1.642512321
  -14.80713654  5.650000095  -1.942337751
  -15.14954662  5.650000095  -2.492117643
  -15.56443787  5.650000095  -2.455745935
  -15.85235214  5.650000095  -2.407590628
  -16.27272415  5.650000095  -2.097731352
  -16.54149055  5.650000095  -1.876095057
  -16.76546288  5.650000095  -1.429065943
